20.039788 0.249813 30.094887 1.997169 2.842846 17.278783 80.158303 0.920295 0.249946 19.898665 9.977119 0.101492 0.656211 0.916739 0.000048 -0.140468 -0.000007 0.000010 1
20.119444 0.249985 29.826583 1.996089 2.826913 16.898647 80.052458 0.918050 0.250043 20.153170 10.007665 0.101777 0.648157 0.918036 0.000038 -0.141287 0.000001 0.000003 1
20.165560 0.249989 30.181540 2.013136 2.831663 17.184209 79.816352 0.913402 0.250085 20.012761 9.992031 0.101872 0.631539 0.912657 0.000038 -0.140324 -0.000003 -0.000001 1
20.205717 0.250039 29.772098 1.992547 2.825713 17.002629 80.238605 0.910551 0.250068 20.103807 9.983477 0.101894 0.621112 0.909659 0.000040 -0.140445 -0.000005 0.000006 1
19.976866 0.250158 29.763840 2.009043 2.833626 17.077283 80.171101 0.908578 0.250027 19.827715 10.009861 0.101614 0.615760 0.908183 0.000041 -0.140446 -0.000008 0.000006 1
20.041298 0.249752 30.051094 1.996174 2.825250 17.375738 79.996536 0.907653 0.249992 19.878759 9.994631 0.101622 0.612937 0.907387 0.000028 -0.140906 0.000001 0.000005 1
19.966848 0.250121 30.181632 2.013304 2.845513 17.170010 79.860364 0.907491 0.249973 20.058069 10.012287 0.101581 0.611557 0.907004 0.000041 -0.140854 -0.000005 0.000000 1
20.197405 0.249902 29.923435 2.015143 2.811904 17.216597 80.007300 0.907173 0.249975 19.842473 9.996072 0.101522 0.610799 0.906786 0.000024 -0.141234 -0.000006 0.000002 1
20.074471 0.250066 29.929451 2.008890 2.825287 17.305120 80.034092 0.906622 0.249985 20.100485 9.995305 0.101600 0.610444 0.906766 0.000034 -0.140971 0.000002 0.000009 1
20.070414 0.250123 29.798961 2.001372 2.829188 17.056319 79.982588 0.906804 0.250003 19.933476 10.000003 0.101712 0.610211 0.906722 0.000039 -0.140614 -0.000001 0.000007 1
19.974072 0.249664 29.977378 2.000508 2.831089 17.094131 79.974548 0.906665 0.250009 20.219149 9.998018 0.101675 0.610016 0.906575 0.000035 -0.141469 -0.000002 0.000009 1
19.713059 0.249881 30.131231 2.008030 2.835650 17.247180 79.812482 0.906303 0.250006 19.875943 10.016329 0.101714 0.609887 0.906559 0.000023 -0.140549 0.000001 0.000006 1
19.958567 0.249782 30.149196 2.003726 2.829551 17.206492 80.492278 0.906256 0.250004 20.048292 10.000843 0.101760 0.609782 0.906455 0.000032 -0.141324 -0.000004 0.000007 1
19.854894 0.249798 30.002897 1.995356 2.842503 17.140132 79.893482 0.906421 0.249997 20.064759 10.007198 0.101601 0.609751 0.906504 0.000032 -0.141671 -0.000000 0.000006 1
19.929872 0.249791 30.158323 2.008887 2.803744 17.200437 80.199238 0.905807 0.249997 19.725842 10.012885 0.101640 0.609796 0.906543 0.000020 -0.141492 -0.000002 0.000011 1
20.008207 0.249711 30.257180 2.003595 2.799829 17.231954 80.030698 0.906651 0.249996 19.884553 10.019629 0.101686 0.609737 0.906609 0.000038 -0.140996 -0.000007 0.000006 1
20.200019 0.249672 29.919946 2.004889 2.828398 17.230009 80.093864 0.907190 0.249997 20.108506 10.004628 0.101551 0.609744 0.906505 0.000027 -0.140931 -0.000005 0.000008 1
20.006017 0.249788 29.920308 2.000654 2.833576 17.214234 80.031454 0.906709 0.250001 19.946680 10.004883 0.101576 0.609772 0.906464 0.000031 -0.141097 -0.000008 0.000009 1
19.797150 0.250305 29.860823 1.986691 2.827678 17.279847 80.059121 0.906275 0.249998 20.140423 9.996852 0.101656 0.609877 0.906457 0.000030 -0.141845 -0.000008 0.000002 1
20.061652 0.250047 30.053851 2.000038 2.844761 17.140826 79.659787 0.906091 0.249999 20.104323 10.005142 0.101590 0.609866 0.906470 0.000034 -0.141902 -0.000006 0.000000 1
19.813868 0.250078 29.985265 2.000578 2.823253 16.952725 80.018150 0.906975 0.249990 20.199091 9.982131 0.101679 0.609896 0.906541 0.000026 -0.141719 -0.000002 0.005965 2_
19.983334 0.250130 29.764129 1.979987 2.816202 17.299909 79.885128 0.906461 0.249989 19.794677 10.012642 0.101681 0.609908 0.906522 0.000035 -0.142090 -0.000001 0.012135 2_
19.980923 0.250032 29.966799 2.014116 2.824240 17.465155 80.296471 0.905861 0.249989 19.802830 9.990218 0.101788 0.609857 0.906550 0.000015 -0.141368 -0.000003 0.018223 2_
19.979959 0.250272 30.022266 1.988091 2.808898 17.358748 80.178285 0.906489 0.249998 20.150546 10.008210 0.101810 0.609898 0.906494 0.000032 -0.141663 0.000005 0.024274 2_
20.111596 0.250210 30.163493 1.992281 2.841279 17.143120 80.111664 0.906535 0.250000 20.071042 9.995272 0.101861 0.609811 0.906480 0.000027 -0.141294 -0.000000 0.030247 2_
20.107118 0.249651 30.048788 2.014168 2.847317 17.230453 79.877441 0.906289 0.250005 19.815037 10.014210 0.102098 0.609893 0.906564 0.000024 -0.141478 -0.000006 0.036163 2_
20.068516 0.249898 30.053398 2.012110 2.815014 17.058793 79.936964 0.906453 0.249999 19.905414 10.000148 0.101984 0.609785 0.906480 0.000029 -0.141763 0.000000 0.042018 2_
19.845720 0.249796 30.020759 2.009257 2.795403 17.135451 79.702007 0.906046 0.249999 19.970243 9.989730 0.102032 0.609772 0.906453 0.000022 -0.141703 0.000002 0.047834 2_
19.919033 0.250494 29.888928 2.015595 2.801800 17.195536 80.152095 0.907241 0.249995 19.973611 10.020697 0.102170 0.609824 0.906474 0.000016 -0.142833 -0.000010 0.053572 2_
20.097048 0.249712 29.936292 2.013345 2.786431 17.303695 80.287658 0.906304 0.250001 19.996405 10.011871 0.102197 0.609805 0.906434 0.000029 -0.142705 -0.000005 0.059248 2_
19.932692 0.250238 29.917036 2.016202 2.860727 17.061615 80.112544 0.906399 0.249999 19.809574 9.992331 0.102140 0.609871 0.906431 0.000025 -0.142063 -0.000006 0.064883 2_
20.134995 0.250159 29.942103 1.992116 2.854941 17.188078 80.042864 0.906759 0.250000 20.006611 9.992377 0.102316 0.609851 0.906554 0.000026 -0.141566 -0.000007 0.070452 2_
19.986332 0.250020 29.685687 1.992329 2.857852 17.227136 79.857250 0.906544 0.249998 20.189095 9.973560 0.102215 0.609903 0.906525 0.000025 -0.142409 0.000001 0.075979 2_
20.028652 0.249933 30.097137 1.979044 2.804770 17.082218 79.969498 0.907087 0.250001 19.732441 9.983112 0.102327 0.609814 0.906583 0.000020 -0.142095 -0.000002 0.081447 2_
20.245209 0.250229 30.345631 2.012981 2.821583 17.076602 80.136004 0.906134 0.250003 20.110332 9.999997 0.102504 0.609861 0.906487 0.000027 -0.142429 -0.000003 0.086848 2_
20.083586 0.250256 29.910903 2.006077 2.845362 17.177171 80.090262 0.906777 0.249999 20.015640 9.980325 0.102387 0.609815 0.906588 0.000017 -0.142958 -0.000003 0.092191 2_
19.895754 0.250112 30.007998 2.014374 2.803928 17.071708 79.887798 0.906487 0.250000 20.051698 10.005935 0.102469 0.609833 0.906547 0.000023 -0.141708 -0.000009 0.097500 2_
19.942086 0.249827 30.012605 2.004561 2.805625 17.096559 79.914170 0.906370 0.250001 20.055261 9.987635 0.102527 0.609807 0.906564 0.000014 -0.143532 -0.000004 0.102748 2_
19.962263 0.250044 29.902016 1.997563 2.810505 17.016302 79.801273 0.906602 0.250001 20.119612 10.001877 0.102656 0.609745 0.906470 0.000021 -0.143443 -0.000009 0.107947 2_
20.108595 0.250321 30.088217 2.006124 2.795985 17.139709 80.106490 0.906060 0.249999 20.021420 10.013486 0.102576 0.609854 0.906476 0.000024 -0.143039 -0.000007 0.113095 2_
20.221429 0.250124 30.110559 2.008370 2.836783 16.930353 79.885428 0.906806 0.250001 20.014483 10.004390 0.102671 0.609894 0.906458 0.000020 -0.143023 -0.000004 0.118189 2_
20.127376 0.249935 30.055516 2.005475 2.805419 17.101737 79.751718 0.906880 0.249997 19.981035 9.984648 0.102724 0.609841 0.906556 0.000025 -0.142851 -0.000000 0.123222 2_
20.091979 0.250330 30.006896 2.000429 2.830835 17.341847 79.850527 0.906414 0.249999 19.939142 9.997416 0.102771 0.609855 0.906495 0.000017 -0.144152 -0.000005 0.128219 2_
20.403624 0.249896 30.169768 1.989328 2.839722 17.235399 79.853919 0.906390 0.250000 19.903352 9.991532 0.102811 0.609835 0.906540 0.000009 -0.143436 -0.000005 0.133153 2_
20.010305 0.250084 30.068087 1.987619 2.844093 17.331928 80.122339 0.906272 0.249999 19.878261 10.000089 0.102869 0.609876 0.906518 0.000010 -0.143508 -0.000010 0.138071 2_
20.175734 0.250034 29.949327 2.000871 2.807761 16.918546 79.982200 0.906460 0.249998 19.652854 9.980983 0.102886 0.609918 0.906498 0.000008 -0.143450 -0.000008 0.142908 2_
19.991452 0.250204 29.957928 2.007162 2.835323 17.219954 79.975851 0.906237 0.250000 20.182597 9.982776 0.102899 0.609787 0.906554 0.000003 -0.143330 -0.000001 0.147705 2_
20.008404 0.250450 29.992876 2.014856 2.836356 17.402330 80.073936 0.906566 0.249999 20.156565 9.988465 0.102972 0.609915 0.906489 0.000010 -0.142933 -0.000010 0.152451 2_
19.833568 0.249921 29.956728 1.988218 2.835052 17.126016 79.806597 0.907165 0.250002 19.951697 9.995393 0.102962 0.609770 0.906500 0.000013 -0.143428 0.000000 0.157162 2_
19.991254 0.249836 29.806246 2.013617 2.827337 17.196487 79.838479 0.906594 0.249998 19.878070 9.998299 0.103127 0.609764 0.906497 0.000015 -0.143918 -0.000000 0.161807 2_
19.884826 0.250196 29.989318 1.999825 2.816577 17.338926 80.151232 0.906229 0.250000 20.008804 10.002215 0.103135 0.609904 0.906651 0.000011 -0.143937 0.000003 0.166421 2_
19.920021 0.250197 30.161456 2.013768 2.828877 17.089162 80.006988 0.906837 0.249997 20.002660 10.019922 0.103108 0.609875 0.906509 0.000016 -0.143558 -0.000003 0.170989 2_
20.240890 0.249941 29.847519 1.993080 2.802674 17.329287 79.964670 0.906568 0.249999 20.054336 10.006221 0.103166 0.609866 0.906586 0.000011 -0.143751 -0.000004 0.175499 2_
19.797683 0.250040 30.225439 2.016590 2.838232 17.109508 79.804585 0.906627 0.249997 20.130036 9.995641 0.103110 0.609875 0.906560 0.000010 -0.143186 -0.000001 0.179979 2_
19.964402 0.250349 29.978851 2.013379 2.820443 16.836238 80.308831 0.906927 0.249999 19.985388 10.002223 0.103175 0.609921 0.906484 0.000009 -0.144171 -0.000003 0.184391 2_
20.218202 0.249435 29.935109 2.007842 2.807182 16.783196 80.008596 0.906654 0.249999 19.991260 10.000702 0.103272 0.609820 0.906604 0.000012 -0.144301 -0.000006 0.188785 2_
19.864555 0.250129 29.895247 2.002149 2.806755 17.208474 80.101961 0.907288 0.249999 19.983169 10.000972 0.103276 0.609853 0.906437 0.000005 -0.144867 -0.000001 0.193121 2_
20.110106 0.250330 30.231052 2.006388 2.808351 17.243594 80.188437 0.906412 0.250000 20.174159 9.992783 0.103312 0.609884 0.906485 0.000013 -0.144730 -0.000005 0.197419 2_
19.840964 0.249794 30.006205 2.011680 2.820826 17.185165 80.013687 0.905975 0.250000 19.814941 9.994148 0.103380 0.609840 0.906456 0.000011 -0.144070 0.000001 0.201674 2_
19.839810 0.250174 29.759963 2.009661 2.840983 17.105379 80.229884 0.906468 0.250001 20.178225 9.996780 0.103490 0.609915 0.906532 0.000001 -0.144044 0.000010 0.205883 2_
19.898549 0.250154 29.902091 2.022838 2.833984 17.048239 80.129039 0.743948 0.260132 19.831981 10.002024 0.171574 0.328168 0.740403 0.033627 -0.148766 -0.378985 0.228117 2_5_
19.838202 0.250163 29.994751 2.070296 2.695069 16.362116 79.872979 0.755026 0.265528 19.977471 9.995427 0.424640 0.328179 0.757173 0.123204 -0.150945 -0.677531 0.242939 2_5_
19.991614 0.249853 30.081024 2.165615 2.623154 15.594793 80.110630 0.845754 0.266607 20.054679 9.992960 0.966549 0.404982 0.853772 0.267297 -0.152996 -1.113722 0.250330 2_5_
20.018212 0.249818 30.144553 2.294665 2.469477 14.998889 80.126281 0.992662 0.266955 19.875072 9.995901 1.000096 0.626598 0.999963 0.478315 -0.153123 -1.808812 0.256569 2_5_
20.000517 0.249624 29.895456 2.463773 2.340369 14.000254 81.046386 1.001624 0.267393 19.906953 10.008456 0.999903 0.622638 1.000091 0.745249 -0.153534 -2.059595 0.262464 2_5_
20.050656 0.249819 30.078044 2.643055 2.130569 13.070353 83.114501 1.001082 0.267886 20.277280 9.995632 0.999923 0.601704 1.000008 1.044244 -0.152645 -2.229411 0.268369 2_5_
19.796782 0.000011 29.989802 2.782463 1.512530 12.882577 88.981200 1.000657 0.268244 19.943863 9.995714 1.000017 0.586251 1.000040 1.369527 -0.155300 -2.366277 0.270582 2_5_
20.351368 0.000060 30.087815 2.824860 0.696955 12.573337 91.542983 0.999820 0.268380 20.359128 9.994938 1.000069 0.574716 1.000039 1.716986 -0.156963 -2.478359 0.275592 2_5_
20.103213 0.000004 29.904586 2.817827 0.349148 12.393258 90.778903 0.538328 0.268379 20.001226 10.017855 1.000027 0.190041 0.528033 1.988515 -0.159289 -0.743423 0.277947 2_5_
19.860958 -0.000297 30.156563 2.752169 0.202989 11.779515 90.458256 0.293237 0.268154 19.814255 10.010627 0.999986 0.095520 0.289064 2.141051 -0.157805 -0.227425 0.280726 2_5_
19.843633 -0.000055 29.946001 2.626624 0.084105 11.946781 89.895987 0.165509 0.267827 20.208634 9.989257 1.000028 0.052894 0.163791 2.228609 -0.157798 -0.074592 0.283714 2_5_
20.074327 -0.000098 30.030120 2.494680 0.037338 11.744397 89.750459 0.099155 0.267425 20.053341 9.995562 0.999981 0.031544 0.098271 2.280945 -0.156985 -0.027346 0.286804 2_5_
19.774202 0.000229 30.027368 2.321817 0.016215 11.399897 89.286776 0.064453 0.266992 20.247208 10.003939 0.999934 0.020304 0.063629 2.314267 -0.158370 -0.011618 0.289906 2_5_
19.929348 -0.000207 29.757375 2.180835 0.011649 11.344718 88.755901 0.044730 0.266539 19.753923 10.002587 0.999998 0.014299 0.044857 2.337193 -0.157661 -0.005835 0.292976 2_5_
20.193440 0.000052 29.547800 2.005550 0.023361 11.362378 88.528273 0.053685 0.265992 20.035016 9.987548 0.832051 0.017022 0.039006 2.354397 -0.157198 -0.008353 0.295925 2_5_
19.837883 0.000152 29.862025 1.854003 -0.001547 11.058215 87.338530 0.000944 0.261899 19.782660 9.998892 0.218329 0.000057 -0.000047 2.394221 -0.155762 -938702.697709 0.290467 2_5_
19.901402 -0.000141 30.064308 1.916344 -0.024665 9.998074 80.727479 0.000907 0.133474 20.156234 9.990125 0.022095 0.000046 -0.000007 2.646654 -0.126285 -1237241.496180 0.075592 2_5_
20.132997 0.000003 30.155776 1.990401 0.026982 9.447293 74.840365 0.001179 0.221320 19.970757 10.006271 0.056925 0.000009 0.000004 2.907686 -0.138871 -1256922.417140 0.212524 2_5_
20.034596 0.000009 29.965711 2.032062 0.001919 8.209445 69.362122 0.001236 0.248685 20.051801 9.990243 0.099750 -0.000082 0.000113 3.172212 -0.142024 -1261171.278651 0.272182 2_5_
19.989187 0.000353 30.168263 2.020922 0.032168 7.907300 64.786117 0.000906 0.258550 20.062747 10.010648 0.154972 0.000048 0.000070 3.439699 -0.141997 -1264946.227843 0.298036 2_5_
20.196317 -0.000211 29.975843 2.013872 0.016689 7.374608 60.539266 0.000574 0.262522 20.044231 10.004878 0.225188 -0.000035 0.000025 3.709805 -0.139708 -1268306.150484 0.311081 2_5_
19.822067 0.000202 30.042477 2.014598 0.028128 6.626255 56.815680 0.001509 0.264304 20.032368 10.003450 0.312809 0.000093 0.000011 3.982270 -0.135367 -1271301.506894 0.319112 2_5_
20.018815 0.000169 29.777305 2.032863 0.013502 5.930263 53.350894 0.000790 0.265174 20.000702 10.005234 0.420422 -0.000050 0.000043 4.256858 -0.133943 -1273975.735050 0.325005 2_5_
20.074758 0.000016 30.197046 2.031362 -0.063340 5.749873 49.956275 0.000885 0.265640 20.242504 10.003033 0.551064 -0.000022 0.000064 4.533314 -0.129939 -1276366.385682 0.329874 2_5_
20.100804 0.000049 29.844844 2.023513 0.005490 4.707523 47.301835 0.001089 0.265898 20.145363 9.992673 0.707328 0.000023 -0.000007 4.811460 -0.125828 -1278506.046777 0.334249 2_5_
20.310227 0.000032 30.206286 2.066231 -0.010955 4.545194 44.689120 0.001482 0.266056 20.261121 10.005447 0.891903 0.000042 -0.000038 5.091133 -0.122901 -1280423.101044 0.338315 2_5_
19.832284 -0.000073 30.039748 2.060347 0.031989 4.184954 42.459597 0.001089 0.266124 19.534260 9.988585 1.000028 -0.000018 -0.000085 5.372166 -0.117931 -1282142.350365 0.342134 2_5_
20.101609 0.000018 29.943485 2.063763 0.000930 3.677773 40.119841 0.001143 0.266141 20.181894 10.005321 0.999973 -0.000019 -0.000018 5.654434 -0.112697 -1283685.533598 0.345802 2_5_
19.941937 0.000154 29.983267 2.091338 0.002329 3.484500 38.679942 0.001442 0.266168 19.970457 9.989600 1.000040 0.000040 0.000082 5.937814 -0.109069 -1285071.758069 0.349421 2_5_
20.035919 -0.000134 29.999493 2.108614 -0.006946 3.087404 36.850897 0.001493 0.266189 19.852792 9.993848 0.999982 -0.000018 0.000016 6.222170 -0.104419 -1286317.861322 0.353028 2_5_
20.066868 -0.000049 30.191314 2.114786 -0.023994 2.997326 35.642698 0.000746 0.266214 19.847655 9.998073 1.000013 0.000044 0.000060 6.507428 -0.098896 -1287438.715656 0.356598 2_5_
20.186365 -0.000205 30.095235 2.126705 -0.024815 2.656276 34.222842 0.000798 0.266241 19.913242 9.997076 1.000009 -0.000058 -0.000075 6.793494 -0.093707 -1288447.485818 0.360129 2_5_
19.953259 0.000133 29.980596 2.143341 -0.003245 2.328564 32.635453 0.001054 0.266269 20.109065 10.005861 1.000004 0.000051 -0.000025 7.080277 -0.088509 -1289355.848107 0.363655 2_5_
20.266942 0.000053 30.080842 2.155042 -0.011587 2.351740 31.453117 0.000838 0.266294 20.074606 9.991010 1.000085 0.000060 0.000018 7.367731 -0.083545 -1290174.177293 0.367130 2_5_
20.057600 0.000219 30.116174 2.162328 -0.014573 1.984586 30.474291 0.001004 0.266329 19.831299 9.986589 0.999960 -0.000052 0.000059 7.655765 -0.076793 -1290911.707014 0.370573 2_5_
20.198522 -0.000063 30.151783 2.187253 0.005318 1.920460 29.589288 0.001393 0.266356 19.964795 10.002586 0.999967 -0.000014 -0.000020 7.944331 -0.072198 -1291576.667532 0.373998 2_5_
20.128997 0.000048 30.082227 2.212305 0.023724 1.793609 28.767488 0.001152 0.266388 19.566748 10.004618 1.000030 0.000015 -0.000076 8.233376 -0.066379 -1292176.404957 0.377398 2_5_
19.677179 -0.000044 29.823778 2.211863 0.021881 1.395242 28.219694 0.001408 0.266425 19.983011 9.988429 0.999992 -0.000059 0.000058 8.522869 -0.061021 -1292717.484377 0.380772 2_5_
19.905417 0.000146 29.948860 2.243282 0.002062 1.299317 27.508028 0.001315 0.266457 19.775054 9.996159 1.000102 0.000028 0.000004 8.812748 -0.054293 -1293205.779638 0.384100 2_5_
19.680239 -0.000040 30.088709 2.234745 -0.022621 1.290355 26.716086 0.000924 0.266489 19.978119 10.007253 0.999905 0.000018 -0.000017 9.102970 -0.048456 -1293646.551560 0.387410 2_5_
