1.997169 48.617523 48.003734 41.930278 26.307104 2.328071 0.249813 0.249221 0.249946 0.001631 80.158303 9.977119 5.601485 3.635657 3.645529 0.067265 0.176886 0.177480 0.920295 0.920984 -0.002122 0.001073 19.898665 39.965246 1.435999 0.001324 30.094887 20.039788 2.842846 17.278783 0.030751 0.101492 0.656211 0.916739 0.000048 -0.140468 -0.000007 0.000010 1
1.996089 48.624104 47.993385 41.958992 26.317996 2.328825 0.249985 0.253032 0.250043 -0.004182 80.052458 10.007665 5.631180 3.630909 3.612472 0.065316 0.175174 0.175791 0.918050 0.916761 -0.002668 0.000251 20.153170 37.634159 1.433116 0.001759 29.826583 20.119444 2.826913 16.898647 0.016245 0.101777 0.648157 0.918036 0.000038 -0.141287 0.000001 0.000003 1
2.013136 48.615912 47.994612 41.991075 26.353208 2.329237 0.249989 0.246980 0.250085 0.004560 79.816352 9.992031 5.675565 3.592263 3.590578 0.068092 0.174802 0.174689 0.913402 0.911325 0.000781 0.002989 20.012761 39.319640 1.430564 0.002792 30.181540 20.165560 2.831663 17.184209 0.009322 0.101872 0.631539 0.912657 0.000038 -0.140324 -0.000003 -0.000001 1
1.992547 48.624020 48.002569 41.979097 26.326073 2.327970 0.250039 0.250290 0.250068 0.000830 80.238605 9.983477 5.713048 3.557731 3.557132 0.053409 0.174206 0.172072 0.910551 0.908514 0.000235 -0.000247 20.103807 40.849801 1.430298 0.002060 29.772098 20.205717 2.825713 17.002629 0.033073 0.101894 0.621112 0.909659 0.000040 -0.140445 -0.000005 0.000006 1
2.009043 48.629425 48.015027 41.953269 26.331971 2.328068 0.250158 0.246336 0.250027 0.000114 80.171101 10.009861 5.732033 3.544133 3.552902 0.071342 0.170197 0.171909 0.908578 0.908286 -0.000407 0.002248 19.827715 40.603844 1.429825 0.001300 29.763840 19.976866 2.833626 17.077283 -0.015067 0.101614 0.615760 0.908183 0.000041 -0.140446 -0.000008 0.000006 1
1.996174 48.619321 47.997527 41.953074 26.330399 2.326788 0.249752 0.249427 0.249992 -0.001555 79.996536 9.994631 5.732803 3.543296 3.541279 0.067648 0.171600 0.174063 0.907653 0.911235 0.001463 -0.000518 19.878759 41.565901 1.428674 -0.000463 30.051094 20.041298 2.825250 17.375738 0.024208 0.101622 0.612937 0.907387 0.000028 -0.140906 0.000001 0.000005 1
2.013304 48.615757 48.011809 41.939608 26.322297 2.327911 0.250121 0.252434 0.249973 -0.000102 79.860364 10.012287 5.749077 3.547100 3.545581 0.076697 0.172098 0.171753 0.907491 0.907559 0.003554 -0.000856 20.058069 40.108656 1.430459 0.002199 30.181632 19.966848 2.845513 17.170010 0.045067 0.101581 0.611557 0.907004 0.000041 -0.140854 -0.000005 0.000000 1
2.015143 48.627671 47.996464 41.951087 26.328552 2.329125 0.249902 0.250831 0.249975 0.001047 80.007300 9.996072 5.721351 3.532729 3.550454 0.065141 0.172662 0.171903 0.907173 0.911048 0.000227 -0.001112 19.842473 40.159921 1.427901 0.001699 29.923435 20.197405 2.811904 17.216597 0.026616 0.101522 0.610799 0.906786 0.000024 -0.141234 -0.000006 0.000002 1
2.008890 48.612585 47.998682 41.936711 26.331414 2.326334 0.250066 0.250619 0.249985 -0.001876 80.034092 9.995305 5.745132 3.550982 3.542714 0.069771 0.171510 0.170503 0.906622 0.904072 -0.000515 0.002401 20.100485 38.821869 1.429454 0.002060 29.929451 20.074471 2.825287 17.305120 0.026309 0.101600 0.610444 0.906766 0.000034 -0.140971 0.000002 0.000009 1
2.001372 48.630815 47.991129 41.939392 26.339342 2.327018 0.250123 0.248053 0.250003 0.001255 79.982588 10.000003 5.751748 3.527702 3.545997 0.087092 0.171976 0.171046 0.906804 0.906180 0.005091 0.000054 19.933476 38.873908 1.429818 0.002086 29.798961 20.070414 2.829188 17.056319 0.029061 0.101712 0.610211 0.906722 0.000039 -0.140614 -0.000001 0.000007 1
2.000508 48.630139 47.990828 41.949049 26.344988 2.326328 0.249664 0.249803 0.250009 0.003950 79.974548 9.998018 5.738784 3.526856 3.531368 0.068072 0.172520 0.172564 0.906665 0.902730 0.001412 -0.002603 20.219149 41.584786 1.428494 0.001782 29.977378 19.974072 2.831089 17.094131 0.028190 0.101675 0.610016 0.906575 0.000035 -0.141469 -0.000002 0.000009 1
2.008030 48.612650 48.001877 41.956043 26.308317 2.328418 0.249881 0.252145 0.250006 -0.000435 79.812482 10.016329 5.734742 3.524199 3.524206 0.057978 0.171531 0.172089 0.906303 0.908410 0.005050 -0.001507 19.875943 40.144706 1.427289 -0.000023 30.131231 19.713059 2.835650 17.247180 0.030647 0.101714 0.609887 0.906559 0.000023 -0.140549 0.000001 0.000006 1
2.003726 48.642935 48.002180 41.945569 26.324539 2.329093 0.249782 0.248192 0.250004 -0.000008 80.492278 10.000843 5.760046 3.542385 3.519735 0.056971 0.173338 0.172051 0.906256 0.908255 0.002731 0.001068 20.048292 41.027938 1.428392 0.002279 30.149196 19.958567 2.829551 17.206492 0.024076 0.101760 0.609782 0.906455 0.000032 -0.141324 -0.000004 0.000007 1
1.995356 48.632191 48.009791 41.961379 26.295094 2.329981 0.249798 0.249576 0.249997 -0.003215 79.893482 10.007198 5.754125 3.546893 3.520664 0.088431 0.172281 0.173779 0.906421 0.902956 -0.000411 0.000842 20.064759 40.767680 1.429404 0.000514 30.002897 19.854894 2.842503 17.140132 0.018409 0.101601 0.609751 0.906504 0.000032 -0.141671 -0.000000 0.000006 1
2.008887 48.636647 48.001501 41.944206 26.325649 2.327165 0.249791 0.253476 0.249997 0.000106 80.199238 10.012885 5.751225 3.535490 3.544749 0.076371 0.171118 0.170688 0.905807 0.906789 0.001568 -0.000314 19.725842 41.193422 1.429973 0.000635 30.158323 19.929872 2.803744 17.200437 0.035565 0.101640 0.609796 0.906543 0.000020 -0.141492 -0.000002 0.000011 1
2.003595 48.623882 47.990844 41.960878 26.326990 2.325772 0.249711 0.248050 0.249996 -0.000897 80.030698 10.019629 5.740172 3.535477 3.537007 0.055926 0.172089 0.170540 0.906651 0.909110 -0.000915 -0.001486 19.884553 39.459790 1.429539 0.002090 30.257180 20.008207 2.799829 17.231954 0.010114 0.101686 0.609737 0.906609 0.000038 -0.140996 -0.000007 0.000006 1
2.004889 48.608622 47.997808 41.950150 26.340637 2.327830 0.249672 0.248775 0.249997 0.003685 80.093864 10.004628 5.755880 3.527641 3.545029 0.063865 0.171924 0.171566 0.907190 0.907232 0.000892 0.003214 20.108506 41.281318 1.428598 0.002530 29.919946 20.200019 2.828398 17.230009 0.008756 0.101551 0.609744 0.906505 0.000027 -0.140931 -0.000005 0.000008 1
2.000654 48.617880 47.992893 41.959637 26.333777 2.326340 0.249788 0.250379 0.250001 0.000972 80.031454 10.004883 5.740184 3.530078 3.537814 0.066620 0.171484 0.172372 0.906709 0.907761 -0.002815 -0.001266 19.946680 40.773135 1.429375 0.002024 29.920308 20.006017 2.833576 17.214234 0.016633 0.101576 0.609772 0.906464 0.000031 -0.141097 -0.000008 0.000009 1
1.986691 48.609273 47.999812 41.965692 26.319786 2.325967 0.250305 0.249114 0.249998 0.002654 80.059121 9.996852 5.736255 3.534284 3.526869 0.068435 0.170717 0.170654 0.906275 0.905033 -0.001084 -0.002243 20.140423 41.230480 1.429404 0.001459 29.860823 19.797150 2.827678 17.279847 0.014371 0.101656 0.609877 0.906457 0.000030 -0.141845 -0.000008 0.000002 1
2.000038 48.619725 48.005490 41.953387 26.316786 2.326795 0.250047 0.250752 0.249999 0.001782 79.659787 10.005142 5.733835 3.522289 3.540352 0.063383 0.171660 0.171370 0.906091 0.908465 -0.001776 0.002837 20.104323 40.785046 1.428705 0.001668 30.053851 20.061652 2.844761 17.140826 0.042825 0.101590 0.609866 0.906470 0.000034 -0.141902 -0.000006 0.000000 1
2.000578 48.629594 47.999821 41.951882 26.348046 2.326815 0.250078 0.253236 0.249990 -0.002985 80.018150 9.982131 5.741938 3.529448 3.514771 0.044816 0.171167 0.171059 0.906975 0.910863 -0.000217 0.004742 20.199091 40.002672 1.429802 0.002927 29.985265 19.813868 2.823253 16.952725 0.035686 0.101679 0.609896 0.906541 0.000026 -0.141719 -0.000002 0.005965 2_
1.979987 48.621984 47.996949 41.943789 26.325751 2.327481 0.250130 0.249125 0.249989 0.003263 79.885128 10.012642 5.732884 3.543176 3.537207 0.072444 0.170978 0.170546 0.906461 0.906187 0.001177 -0.001732 19.794677 41.198859 1.428628 0.003025 29.764129 19.983334 2.816202 17.299909 0.064616 0.101681 0.609908 0.906522 0.000035 -0.142090 -0.000001 0.012135 2_
2.014116 48.633888 47.978911 41.951794 26.309145 2.326292 0.250032 0.251399 0.249989 0.000355 80.296471 9.990218 5.741283 3.532153 3.545380 0.053407 0.172033 0.172508 0.905861 0.908309 -0.004585 0.003414 19.802830 40.110791 1.429870 0.001755 29.966799 19.980923 2.824240 17.465155 0.020241 0.101788 0.609857 0.906550 0.000015 -0.141368 -0.000003 0.018223 2_
1.988091 48.626885 47.994619 41.938376 26.338349 2.324945 0.250272 0.246853 0.249998 -0.001152 80.178285 10.008210 5.744985 3.531982 3.541052 0.062455 0.172226 0.172043 0.906489 0.904860 0.000459 -0.000232 20.150546 38.903231 1.427818 0.002067 30.022266 19.979959 2.808898 17.358748 0.022206 0.101810 0.609898 0.906494 0.000032 -0.141663 0.000005 0.024274 2_
1.992281 48.638039 47.983394 41.962333 26.328019 2.325256 0.250210 0.250580 0.250000 0.000298 80.111664 9.995272 5.751283 3.539330 3.535566 0.076560 0.172568 0.171757 0.906535 0.906711 -0.001454 -0.000616 20.071042 42.481132 1.427809 0.002334 30.163493 20.111596 2.841279 17.143120 0.062933 0.101861 0.609811 0.906480 0.000027 -0.141294 -0.000000 0.030247 2_
2.014168 48.629027 47.954765 41.957699 26.333905 2.326362 0.249651 0.248538 0.250005 0.002350 79.877441 10.014210 5.733242 3.522290 3.533815 0.072347 0.171172 0.168876 0.906289 0.906663 0.000076 0.000178 19.815037 38.336112 1.428559 0.001048 30.048788 20.107118 2.847317 17.230453 0.041826 0.102098 0.609893 0.906564 0.000024 -0.141478 -0.000006 0.036163 2_
2.012110 48.617635 47.956504 41.960118 26.334078 2.325754 0.249898 0.248207 0.249999 0.000319 79.936964 10.000148 5.746943 3.537509 3.539489 0.062762 0.170356 0.171696 0.906453 0.903850 -0.001066 -0.001749 19.905414 39.577195 1.429263 0.001612 30.053398 20.068516 2.815014 17.058793 0.010974 0.101984 0.609785 0.906480 0.000029 -0.141763 0.000000 0.042018 2_
2.009257 48.640216 47.971832 41.959884 26.327529 2.325328 0.249796 0.249748 0.249999 0.001533 79.702007 9.989730 5.734926 3.532882 3.527890 0.065647 0.170962 0.172024 0.906046 0.906238 0.001250 -0.000663 19.970243 40.048802 1.428911 0.002585 30.020759 19.845720 2.795403 17.135451 0.035974 0.102032 0.609772 0.906453 0.000022 -0.141703 0.000002 0.047834 2_
2.015595 48.636490 47.969575 41.965888 26.322333 2.326004 0.250494 0.247003 0.249995 -0.003724 80.152095 10.020697 5.748229 3.514005 3.526052 0.060358 0.171327 0.169520 0.907241 0.906705 -0.001569 0.000013 19.973611 42.389558 1.428475 0.001190 29.888928 19.919033 2.801800 17.195536 0.033093 0.102170 0.609824 0.906474 0.000016 -0.142833 -0.000010 0.053572 2_
2.013345 48.620166 47.927069 41.941308 26.335138 2.322913 0.249712 0.252607 0.250001 -0.001010 80.287658 10.011871 5.744303 3.540420 3.548044 0.083505 0.173913 0.171705 0.906304 0.903982 0.000822 -0.000132 19.996405 40.182246 1.428762 0.000358 29.936292 20.097048 2.786431 17.303695 0.012663 0.102197 0.609805 0.906434 0.000029 -0.142705 -0.000005 0.059248 2_
2.016202 48.622336 47.927717 41.947032 26.339796 2.324767 0.250238 0.248507 0.249999 -0.002879 80.112544 9.992331 5.733929 3.531709 3.533343 0.067618 0.171321 0.171159 0.906399 0.905055 0.001086 0.001130 19.809574 41.362577 1.429234 0.000758 29.917036 19.932692 2.860727 17.061615 0.033882 0.102140 0.609871 0.906431 0.000025 -0.142063 -0.000006 0.064883 2_
1.992116 48.640224 47.920063 41.948328 26.332910 2.324412 0.250159 0.247013 0.250000 0.001479 80.042864 9.992377 5.760024 3.523970 3.537580 0.063145 0.172098 0.170758 0.906759 0.903787 0.001007 0.000497 20.006611 39.046714 1.430670 0.002451 29.942103 20.134995 2.854941 17.188078 0.001206 0.102316 0.609851 0.906554 0.000026 -0.141566 -0.000007 0.070452 2_
1.992329 48.614097 47.929285 41.938339 26.308955 2.325593 0.250020 0.249984 0.249998 -0.002269 79.857250 9.973560 5.745024 3.536038 3.529335 0.078871 0.171537 0.171341 0.906544 0.907032 0.001895 -0.000765 20.189095 39.224317 1.429404 0.001268 29.685687 19.986332 2.857852 17.227136 0.017719 0.102215 0.609903 0.906525 0.000025 -0.142409 0.000001 0.075979 2_
1.979044 48.618697 47.914862 41.965997 26.334092 2.325322 0.249933 0.248463 0.250001 0.003867 79.969498 9.983112 5.728380 3.533912 3.537891 0.055764 0.170624 0.172032 0.907087 0.904078 0.001072 0.000361 19.732441 39.549518 1.427927 0.001568 30.097137 20.028652 2.804770 17.082218 0.026076 0.102327 0.609814 0.906583 0.000020 -0.142095 -0.000002 0.081447 2_
2.012981 48.617494 47.920029 41.967814 26.314965 2.325181 0.250229 0.251096 0.250003 -0.003164 80.136004 9.999997 5.733413 3.524328 3.527418 0.068000 0.170070 0.172867 0.906134 0.903547 -0.002137 -0.000714 20.110332 39.362700 1.430795 0.002232 30.345631 20.245209 2.821583 17.076602 0.025415 0.102504 0.609861 0.906487 0.000027 -0.142429 -0.000003 0.086848 2_
2.006077 48.637695 47.909387 41.923647 26.323183 2.323939 0.250256 0.251925 0.249999 0.001068 80.090262 9.980325 5.740465 3.527085 3.532796 0.068988 0.171009 0.168433 0.906777 0.904042 0.002929 0.000196 20.015640 38.913744 1.428985 0.000580 29.910903 20.083586 2.845362 17.177171 0.007638 0.102387 0.609815 0.906588 0.000017 -0.142958 -0.000003 0.092191 2_
2.014374 48.614001 47.900170 41.951710 26.337390 2.324401 0.250112 0.250612 0.250000 0.001036 79.887798 10.005935 5.750282 3.538442 3.512164 0.068804 0.171262 0.171611 0.906487 0.908418 0.001377 0.002083 20.051698 40.511017 1.428075 0.002188 30.007998 19.895754 2.803928 17.071708 0.040631 0.102469 0.609833 0.906547 0.000023 -0.141708 -0.000009 0.097500 2_
2.004561 48.628320 47.902310 41.964744 26.314241 2.323019 0.249827 0.247958 0.250001 0.002790 79.914170 9.987635 5.734711 3.534969 3.521395 0.062870 0.171149 0.171361 0.906370 0.909140 -0.001709 0.000902 20.055261 39.786673 1.430304 0.001162 30.012605 19.942086 2.805625 17.096559 0.025208 0.102527 0.609807 0.906564 0.000014 -0.143532 -0.000004 0.102748 2_
1.997563 48.613708 47.908483 41.968562 26.311924 2.321785 0.250044 0.249421 0.250001 -0.000266 79.801273 10.001877 5.739858 3.540442 3.539710 0.072352 0.171404 0.170742 0.906602 0.907602 0.002248 -0.002331 20.119612 40.494196 1.430662 0.002239 29.902016 19.962263 2.810505 17.016302 0.035039 0.102656 0.609745 0.906470 0.000021 -0.143443 -0.000009 0.107947 2_
2.006124 48.633021 47.893427 41.951065 26.329183 2.322988 0.250321 0.254275 0.249999 -0.001872 80.106490 10.013486 5.757064 3.524893 3.533654 0.057294 0.170537 0.171815 0.906060 0.907686 0.001144 0.000150 20.021420 40.451086 1.428176 0.001803 30.088217 20.108595 2.795985 17.139709 0.009196 0.102576 0.609854 0.906476 0.000024 -0.143039 -0.000007 0.113095 2_
2.008370 48.648706 47.877802 41.949565 26.323361 2.322070 0.250124 0.249235 0.250001 -0.001220 79.885428 10.004390 5.736815 3.534687 3.538148 0.057271 0.170654 0.172367 0.906806 0.906497 0.002110 0.000124 20.014483 39.356287 1.430467 0.001130 30.110559 20.221429 2.836783 16.930353 0.010071 0.102671 0.609894 0.906458 0.000020 -0.143023 -0.000004 0.118189 2_
2.005475 48.626451 47.865928 41.941318 26.328583 2.321265 0.249935 0.250196 0.249997 0.002629 79.751718 9.984648 5.736055 3.537272 3.536735 0.062458 0.171524 0.170534 0.906880 0.904508 0.004012 -0.001937 19.981035 40.367539 1.429935 0.003795 30.055516 20.127376 2.805419 17.101737 0.018840 0.102724 0.609841 0.906556 0.000025 -0.142851 -0.000000 0.123222 2_
2.000429 48.642259 47.875665 41.958951 26.331572 2.321372 0.250330 0.248026 0.249999 0.000980 79.850527 9.997416 5.743216 3.537890 3.543115 0.048996 0.172478 0.171091 0.906414 0.904401 -0.003202 -0.000978 19.939142 40.722723 1.429422 0.001797 30.006896 20.091979 2.830835 17.341847 0.001566 0.102771 0.609855 0.906495 0.000017 -0.144152 -0.000005 0.128219 2_
1.989328 48.639322 47.860529 41.953792 26.329525 2.320645 0.249896 0.251081 0.250000 -0.001034 79.853919 9.991532 5.737000 3.525041 3.546961 0.082746 0.170086 0.170833 0.906390 0.906910 0.002631 0.002957 19.903352 39.127799 1.428819 0.001306 30.169768 20.403624 2.839722 17.235399 0.035783 0.102811 0.609835 0.906540 0.000009 -0.143436 -0.000005 0.133153 2_
1.987619 48.623493 47.859086 41.948913 26.333224 2.322167 0.250084 0.254154 0.249999 -0.001971 80.122339 10.000089 5.761616 3.541735 3.522835 0.073568 0.171773 0.172437 0.906272 0.907032 0.002283 -0.000421 19.878261 42.321448 1.427632 0.002449 30.068087 20.010305 2.844093 17.331928 0.004552 0.102869 0.609876 0.906518 0.000010 -0.143508 -0.000010 0.138071 2_
2.000871 48.605636 47.854413 41.941771 26.324801 2.318142 0.250034 0.247477 0.249998 0.002105 79.982200 9.980983 5.729422 3.536045 3.540880 0.077408 0.172590 0.172461 0.906460 0.904333 0.004052 0.001047 19.652854 41.098107 1.429426 0.002239 29.949327 20.175734 2.807761 16.918546 0.032228 0.102886 0.609918 0.906498 0.000008 -0.143450 -0.000008 0.142908 2_
2.007162 48.610692 47.860377 41.953665 26.334870 2.320199 0.250204 0.249358 0.250000 0.001735 79.975851 9.982776 5.743725 3.537702 3.542552 0.064108 0.171413 0.171571 0.906237 0.907466 -0.000908 -0.000986 20.182597 41.336189 1.429414 0.001223 29.957928 19.991452 2.835323 17.219954 0.025538 0.102899 0.609787 0.906554 0.000003 -0.143330 -0.000001 0.147705 2_
2.014856 48.626020 47.841801 41.936283 26.342734 2.319375 0.250450 0.247603 0.249999 0.001596 80.073936 9.988465 5.756690 3.532390 3.527369 0.064436 0.171486 0.170474 0.906566 0.909671 0.000155 0.002061 20.156565 39.942077 1.428377 0.003901 29.992876 20.008404 2.836356 17.402330 0.000141 0.102972 0.609915 0.906489 0.000010 -0.142933 -0.000010 0.152451 2_
1.988218 48.636901 47.833665 41.958517 26.332141 2.318532 0.249921 0.249501 0.250002 0.000326 79.806597 9.995393 5.741392 3.533085 3.533578 0.065321 0.170158 0.170973 0.907165 0.906811 0.000217 -0.002326 19.951697 40.122285 1.429714 0.000132 29.956728 19.833568 2.835052 17.126016 0.033056 0.102962 0.609770 0.906500 0.000013 -0.143428 0.000000 0.157162 2_
2.013617 48.614947 47.844472 41.946132 26.330249 2.319857 0.249836 0.249511 0.249998 0.001730 79.838479 9.998299 5.735577 3.545262 3.525053 0.039329 0.171857 0.171525 0.906594 0.908481 0.000331 0.001482 19.878070 40.131989 1.427921 0.002575 29.806246 19.991254 2.827337 17.196487 0.027174 0.103127 0.609764 0.906497 0.000015 -0.143918 -0.000000 0.161807 2_
1.999825 48.628523 47.844031 41.940837 26.331682 2.320815 0.250196 0.251751 0.250000 -0.002100 80.151232 10.002215 5.741646 3.521523 3.531606 0.050327 0.169455 0.172249 0.906229 0.906296 0.002011 -0.001390 20.008804 38.413786 1.429220 0.002255 29.989318 19.884826 2.816577 17.338926 0.004345 0.103135 0.609904 0.906651 0.000011 -0.143937 0.000003 0.166421 2_
2.013768 48.606458 47.837900 41.960753 26.327656 2.318655 0.250197 0.249163 0.249997 0.000898 80.006988 10.019922 5.746681 3.529859 3.533425 0.077961 0.171484 0.169262 0.906837 0.908551 -0.000621 0.006116 20.002660 39.371776 1.429088 0.002753 30.161456 19.920021 2.828877 17.089162 0.039774 0.103108 0.609875 0.906509 0.000016 -0.143558 -0.000003 0.170989 2_
1.993080 48.650136 47.817212 41.952552 26.319494 2.318575 0.249941 0.250449 0.249999 -0.000868 79.964670 10.006221 5.726469 3.529472 3.536367 0.071797 0.171572 0.171182 0.906568 0.905359 0.001381 0.000743 20.054336 38.526776 1.430126 0.002246 29.847519 20.240890 2.802674 17.329287 0.034754 0.103166 0.609866 0.906586 0.000011 -0.143751 -0.000004 0.175499 2_
2.016590 48.624551 47.820857 41.955724 26.345097 2.321058 0.250040 0.254167 0.249997 -0.002005 79.804585 9.995641 5.752506 3.537583 3.536092 0.051580 0.170976 0.170386 0.906627 0.906023 -0.000338 0.002173 20.130036 39.475952 1.429504 0.003552 30.225439 19.797683 2.838232 17.109508 0.061740 0.103110 0.609875 0.906560 0.000010 -0.143186 -0.000001 0.179979 2_
2.013379 48.614934 47.817110 41.947982 26.326654 2.319323 0.250349 0.252194 0.249999 0.001670 80.308831 10.002223 5.717256 3.525813 3.520522 0.072010 0.172968 0.173188 0.906927 0.905735 0.001065 -0.001679 19.985388 39.368590 1.428412 0.001952 29.978851 19.964402 2.820443 16.836238 0.033032 0.103175 0.609921 0.906484 0.000009 -0.144171 -0.000003 0.184391 2_
2.007842 48.626177 47.821518 41.952379 26.327573 2.318232 0.249435 0.248729 0.249999 -0.002274 80.008596 10.000702 5.750318 3.536654 3.537551 0.060366 0.171751 0.172305 0.906654 0.910076 -0.000581 0.000866 19.991260 40.144259 1.431066 0.001647 29.935109 20.218202 2.807182 16.783196 0.013997 0.103272 0.609820 0.906604 0.000012 -0.144301 -0.000006 0.188785 2_
2.002149 48.622285 47.824629 41.947216 26.348544 2.317829 0.250129 0.252014 0.249999 0.003121 80.101961 10.000972 5.745866 3.543977 3.524578 0.068508 0.172429 0.171315 0.907288 0.904107 -0.001935 -0.004434 19.983169 40.179114 1.429640 0.001371 29.895247 19.864555 2.806755 17.208474 0.023029 0.103276 0.609853 0.906437 0.000005 -0.144867 -0.000001 0.193121 2_
2.006388 48.629040 47.806215 41.960399 26.346576 2.318325 0.250330 0.252349 0.250000 0.000946 80.188437 9.992783 5.757935 3.546478 3.540090 0.082717 0.171297 0.169924 0.906412 0.904086 -0.001199 -0.001305 20.174159 39.139275 1.430032 0.000917 30.231052 20.110106 2.808351 17.243594 0.000133 0.103312 0.609884 0.906485 0.000013 -0.144730 -0.000005 0.197419 2_
2.011680 48.632300 47.807396 41.959579 26.319055 2.317743 0.249794 0.252811 0.250000 -0.000239 80.013687 9.994148 5.748424 3.543224 3.547924 0.058125 0.170640 0.172692 0.905975 0.903973 -0.001033 -0.001437 19.814941 38.658742 1.428804 0.003812 30.006205 19.840964 2.820826 17.185165 0.027565 0.103380 0.609840 0.906456 0.000011 -0.144070 0.000001 0.201674 2_
2.009661 48.610009 47.795448 41.951141 26.323322 2.317918 0.250174 0.250759 0.250001 -0.000898 80.229884 9.996780 5.752159 3.526872 3.518961 0.073874 0.173310 0.170880 0.906468 0.907885 -0.001196 -0.001258 20.178225 41.859536 1.428435 0.002046 29.759963 19.839810 2.840983 17.105379 0.019135 0.103490 0.609915 0.906532 0.000001 -0.144044 0.000010 0.205883 2_
2.022838 48.629294 47.724306 45.505397 28.542651 2.316943 0.250154 0.261711 0.260132 0.003250 80.129039 10.002024 7.158990 1.986637 1.976979 0.049449 0.096878 0.095274 0.743948 0.682423 0.002097 0.061878 19.831981 43.418053 1.412730 0.001623 29.902091 19.898549 2.833984 17.048239 0.001038 0.171574 0.328168 0.740403 0.033627 -0.148766 -0.378985 0.228117 2_5_
2.070296 48.661519 47.712013 47.347572 29.719556 2.313824 0.250163 0.264161 0.265528 -0.003339 79.872979 9.995427 7.055927 1.772908 1.754861 0.021599 0.085578 0.083124 0.755026 0.638242 0.000970 0.116490 19.977471 44.450566 1.376674 0.002234 29.994751 19.838202 2.695069 16.362116 0.006473 0.424640 0.328179 0.757173 0.123204 -0.150945 -0.677531 0.242939 2_5_
2.165615 48.752944 47.774870 47.712855 29.940743 2.318592 0.249853 0.266243 0.266607 -0.001569 80.110630 9.992960 6.282972 1.947583 1.938141 0.050403 0.095098 0.095652 0.845754 0.672053 -0.000725 0.177448 20.054679 46.158460 1.323452 0.001733 30.081024 19.991614 2.623154 15.594793 0.001631 0.966549 0.404982 0.853772 0.267297 -0.152996 -1.113722 0.250330 2_5_
2.294665 48.889212 47.911950 47.844808 30.026207 2.323007 0.249818 0.267940 0.266955 -0.000730 80.126281 9.995901 4.877572 2.389708 2.396797 0.029121 0.115304 0.116153 0.992662 0.748571 0.001864 0.243696 19.875072 45.694818 1.252215 -0.000055 30.144553 20.018212 2.469477 14.998889 0.012793 1.000096 0.626598 0.999963 0.478315 -0.153123 -1.808812 0.256569 2_5_
2.463773 49.030081 48.076512 47.991172 30.112826 2.331590 0.249624 0.268714 0.267393 0.003096 81.046386 10.008456 4.815913 2.210173 2.215256 0.033171 0.105918 0.106660 1.001624 0.721481 -0.000166 0.283828 19.906953 51.169175 1.194550 0.002121 29.895456 20.000517 2.340369 14.000254 0.037206 0.999903 0.622638 1.000091 0.745249 -0.153534 -2.059595 0.262464 2_5_
2.643055 49.230632 48.252501 48.170592 30.231230 2.339347 0.249819 0.271524 0.267886 0.002129 83.114501 9.995632 4.792505 2.048955 2.024588 0.062112 0.098556 0.099545 1.001082 0.686209 0.000938 0.315546 20.277280 53.955959 1.167537 0.003060 30.078044 20.050656 2.130569 13.070353 0.044963 0.999923 0.601704 1.000008 1.044244 -0.152645 -2.229411 0.268369 2_5_
2.782463 49.355214 48.386533 48.307428 30.302517 2.344597 0.000011 0.263264 0.268244 0.001105 88.981200 9.995714 4.808241 1.889825 1.900330 0.050655 0.091734 0.091518 1.000657 0.661849 0.004337 0.340031 19.943863 61.076512 0.931385 -0.000591 29.989802 19.796782 1.512530 12.882577 0.050562 1.000017 0.586251 1.000040 1.369527 -0.155300 -2.366277 0.270582 2_5_
2.824860 49.395685 48.436849 48.339269 30.346407 2.348193 0.000060 0.270064 0.268380 -0.001553 91.542983 9.994938 4.820466 1.775188 1.788825 0.020815 0.085328 0.086002 0.999820 0.642438 -0.002405 0.355976 20.359128 66.418356 0.472199 0.001391 30.087815 20.351368 0.696955 12.573337 0.008714 1.000069 0.574716 1.000039 1.716986 -0.156963 -2.478359 0.275592 2_5_
2.817827 49.423312 48.415672 48.341866 30.343243 2.348840 0.000004 0.268581 0.268379 -0.003187 90.778903 10.017855 8.544130 0.478008 0.490850 0.004563 0.024974 0.024899 0.538328 0.332302 -0.000419 0.200670 20.001226 76.029888 0.224326 -0.000175 29.904586 20.103213 0.349148 12.393258 0.018282 1.000027 0.190041 0.528033 1.988515 -0.159289 -0.743423 0.277947 2_5_
2.752169 49.338999 48.329250 48.276234 30.279831 2.343594 -0.000297 0.267130 0.268154 0.001101 90.458256 10.010627 9.559097 0.133546 0.122252 0.000552 0.004299 0.007417 0.293237 0.174463 0.002826 0.113426 19.814255 81.209238 0.112050 0.000816 30.156563 19.860958 0.202989 11.779515 0.010345 0.999986 0.095520 0.289064 2.141051 -0.157805 -0.227425 0.280726 2_5_
2.626624 49.205637 48.203022 48.135877 30.202695 2.339485 -0.000055 0.269027 0.267827 -0.000376 89.895987 9.989257 9.859674 0.039736 0.037208 0.003066 -0.000178 0.001781 0.165509 0.097911 -0.000439 0.066530 20.208634 85.262368 0.058216 0.000218 29.946001 19.843633 0.084105 11.946781 0.041173 1.000028 0.052894 0.163791 2.228609 -0.157798 -0.074592 0.283714 2_5_
2.494680 49.066383 48.060820 47.997296 30.120894 2.330867 -0.000098 0.264841 0.267425 -0.001355 89.750459 9.995562 9.946116 0.021124 0.004017 0.002866 0.000152 0.002532 0.099155 0.057902 -0.002476 0.038908 20.053341 86.442141 0.031086 -0.000229 30.030120 20.074327 0.037338 11.744397 0.013035 0.999981 0.031544 0.098271 2.280945 -0.156985 -0.027346 0.286804 2_5_
2.321817 48.912254 47.909399 47.841200 30.034513 2.322684 0.000229 0.265365 0.266992 -0.001939 89.286776 10.003939 9.980048 -0.001761 -0.018256 0.005604 -0.000575 0.000169 0.064453 0.035665 0.002529 0.026082 20.247208 88.970829 0.014524 0.000050 30.027368 19.774202 0.016215 11.399897 0.029198 0.999934 0.020304 0.063629 2.314267 -0.158370 -0.011618 0.289906 2_5_
2.180835 48.760383 47.754435 47.692254 29.937843 2.314760 -0.000207 0.264855 0.266539 -0.001364 88.755901 10.002587 9.996978 -0.008303 0.025903 0.007402 -0.001561 0.001164 0.044730 0.026978 -0.001399 0.021044 19.753923 87.262779 0.008189 0.001365 29.757375 19.929348 0.011649 11.344718 0.011639 0.999998 0.014299 0.044857 2.337193 -0.157661 -0.005835 0.292976 2_5_
2.005550 48.601887 47.582453 47.487530 29.796399 2.308450 0.000052 0.266050 0.265992 0.003629 88.528273 9.987548 10.005459 -0.016795 -0.005686 0.012090 0.000572 0.000036 0.053685 0.006839 0.001510 0.000340 20.035016 88.343295 0.003851 0.001116 29.547800 20.193440 0.023361 11.362378 0.010095 0.832051 0.017022 0.039006 2.354397 -0.157198 -0.008353 0.295925 2_5_
1.854003 48.450529 47.511711 45.779368 28.734932 2.301616 0.000152 0.260809 0.261899 0.001931 87.338530 9.998892 6.049261 1.022721 0.997626 0.022157 0.047310 0.049756 0.000944 0.598029 0.000528 0.480666 19.782660 68.208989 -0.000010 -0.000642 29.862025 19.837883 -0.001547 11.058215 0.004590 0.218329 0.000057 -0.000047 2.394221 -0.155762 -938702.697709 0.290467 2_5_
1.916344 48.816065 48.732143 5.004964 3.131029 2.363073 -0.000141 0.084224 0.133474 -0.004011 80.727479 9.990125 5.326249 1.152229 1.165556 0.026085 0.058066 0.056849 0.000907 0.626842 0.000237 0.515740 20.156234 66.420067 0.000789 0.000589 30.064308 19.901402 -0.024665 9.998074 -0.003829 0.022095 0.000046 -0.000007 2.646654 -0.126285 -1237241.496180 0.075592 2_5_
1.990401 48.691276 48.046081 29.409711 18.447168 2.331061 0.000003 0.212002 0.221320 0.001364 74.840365 10.006271 5.251595 1.151805 1.173825 0.032571 0.054897 0.054649 0.001179 0.621925 -0.000343 0.525478 19.970757 63.224223 -0.000104 0.000712 30.155776 20.132997 0.026982 9.447293 -0.008389 0.056925 0.000009 0.000004 2.907686 -0.138871 -1256922.417140 0.212524 2_5_
2.032062 48.614329 47.753275 40.541561 25.422949 2.316086 0.000009 0.245570 0.248685 0.003258 69.362122 9.990243 5.236687 1.139751 1.135325 -0.002441 0.057470 0.057405 0.001236 0.617114 -0.001624 0.532435 20.051801 61.936555 0.001839 -0.000259 29.965711 20.034596 0.001919 8.209445 0.006104 0.099750 -0.000082 0.000113 3.172212 -0.142024 -1261171.278651 0.272182 2_5_
2.020922 48.613738 47.652549 44.578268 28.007842 2.312040 0.000353 0.255025 0.258550 0.002908 64.786117 10.010648 5.218919 1.129736 1.128986 0.032817 0.055729 0.055915 0.000906 0.613741 -0.003988 0.541963 20.062747 58.892168 0.001771 0.001011 30.168263 19.989187 0.032168 7.907300 0.002765 0.154972 0.000048 0.000070 3.439699 -0.141997 -1264946.227843 0.298036 2_5_
2.013872 48.605984 47.628065 46.163042 28.968070 2.309632 -0.000211 0.265357 0.262522 -0.001529 60.539266 10.004878 5.200932 1.109681 1.118741 0.016565 0.053336 0.054328 0.000574 0.611917 0.000775 0.541523 20.044231 54.544910 0.000691 -0.000199 29.975843 20.196317 0.016689 7.374608 0.029594 0.225188 -0.000035 0.000025 3.709805 -0.139708 -1268306.150484 0.311081 2_5_
2.014598 48.629938 47.608525 46.874069 29.417105 2.311042 0.000202 0.260585 0.264304 0.003507 56.815680 10.003450 5.203931 1.110113 1.098403 0.035167 0.053628 0.055490 0.001509 0.607923 -0.001199 0.547694 20.032368 51.919035 0.001423 0.001780 30.042477 19.822067 0.028128 6.626255 0.004437 0.312809 0.000093 0.000011 3.982270 -0.135367 -1271301.506894 0.319112 2_5_
2.032863 48.617992 47.592263 47.165780 29.604011 2.308910 0.000169 0.265715 0.265174 0.001555 53.350894 10.005234 5.180605 1.100527 1.101522 0.015498 0.053547 0.053554 0.000790 0.606942 -0.002311 0.553215 20.000702 48.977625 0.000325 -0.000795 29.777305 20.018815 0.013502 5.930263 -0.014009 0.420422 -0.000050 0.000043 4.256858 -0.133943 -1273975.735050 0.325005 2_5_
2.031362 48.634378 47.597240 47.367613 29.723271 2.309320 0.000016 0.267969 0.265640 0.000393 49.956275 10.003033 5.168380 1.058925 1.101107 0.014671 0.053631 0.052743 0.000885 0.599009 -0.001222 0.551320 20.242504 48.845357 -0.001336 -0.000407 30.197046 20.074758 -0.063340 5.749873 -0.003910 0.551064 -0.000022 0.000064 4.533314 -0.129939 -1276366.385682 0.329874 2_5_
2.023513 48.642687 47.579207 47.451504 29.759079 2.309176 0.000049 0.264278 0.265898 0.000046 47.301835 9.992673 5.170595 1.079309 1.083549 0.025733 0.054007 0.051209 0.001089 0.600374 -0.003628 0.559432 20.145363 44.615692 0.002311 -0.001536 29.844844 20.100804 0.005490 4.707523 0.000740 0.707328 0.000023 -0.000007 4.811460 -0.125828 -1278506.046777 0.334249 2_5_
2.066231 48.634838 47.611733 47.500319 29.798702 2.308995 0.000032 0.267206 0.266056 -0.001410 44.689120 10.005447 5.173900 1.080360 1.057384 0.011970 0.052510 0.052209 0.001482 0.599639 -0.001278 0.563023 20.261121 41.419309 -0.000588 -0.001394 30.206286 20.310227 -0.010955 4.545194 -0.002623 0.891903 0.000042 -0.000038 5.091133 -0.122901 -1280423.101044 0.338315 2_5_
2.060347 48.662384 47.609800 47.530607 29.809724 2.308781 -0.000073 0.265140 0.266124 -0.002312 42.459597 9.988585 5.167032 1.068533 1.057989 0.037031 0.053541 0.051469 0.001089 0.596586 0.000637 0.567994 19.534260 42.162299 0.001546 0.001115 30.039748 19.832284 0.031989 4.184954 0.019755 1.000028 -0.000018 -0.000085 5.372166 -0.117931 -1282142.350365 0.342134 2_5_
2.063763 48.673185 47.628845 47.554336 29.837274 2.308787 0.000018 0.269045 0.266141 0.002772 40.119841 10.005321 5.153518 1.044266 1.034154 0.026486 0.048870 0.053745 0.001143 0.595620 0.000217 0.566059 20.181894 37.763682 -0.000409 -0.000084 29.943485 20.101609 0.000930 3.677773 0.021679 0.999973 -0.000019 -0.000018 5.654434 -0.112697 -1283685.533598 0.345802 2_5_
2.091338 48.671399 47.611586 47.554594 29.832949 2.309505 0.000154 0.267575 0.266168 0.000605 38.679942 9.989600 5.169806 1.061574 1.057664 0.020137 0.051021 0.051556 0.001442 0.592935 -0.000839 0.568372 19.970457 37.628934 -0.000771 0.000116 29.983267 19.941937 0.002329 3.484500 0.000417 1.000040 0.000040 0.000082 5.937814 -0.109069 -1285071.758069 0.349421 2_5_
2.108614 48.684396 47.627967 47.556500 29.838293 2.309559 -0.000134 0.268068 0.266189 0.002685 36.850897 9.993848 5.143722 1.041997 1.041017 0.006462 0.050245 0.050914 0.001493 0.590333 -0.001769 0.570089 19.852792 36.635748 -0.000141 -0.001331 29.999493 20.035919 -0.006946 3.087404 0.007088 0.999982 -0.000018 0.000016 6.222170 -0.104419 -1286317.861322 0.353028 2_5_
2.114786 48.704892 47.613293 47.569810 29.860017 2.309677 -0.000049 0.262638 0.266214 0.003885 35.642698 9.998073 5.153186 1.035913 1.035894 0.029513 0.051257 0.049138 0.000746 0.593525 -0.002758 0.571635 19.847655 34.469903 0.000815 0.001588 30.191314 20.066868 -0.023994 2.997326 0.015851 1.000013 0.000044 0.000060 6.507428 -0.098896 -1287438.715656 0.356598 2_5_
2.126705 48.726651 47.644631 47.573538 29.853005 2.311387 -0.000205 0.265050 0.266241 -0.003613 34.222842 9.997076 5.145999 1.017464 1.040737 0.019527 0.050150 0.051264 0.000798 0.588122 -0.002318 0.574972 19.913242 35.467930 0.000051 -0.001254 30.095235 20.186365 -0.024815 2.656276 -0.002436 1.000009 -0.000058 -0.000075 6.793494 -0.093707 -1288447.485818 0.360129 2_5_
2.143341 48.743186 47.658491 47.606266 29.881378 2.312010 0.000133 0.266521 0.266269 0.001277 32.635453 10.005861 5.121421 1.035913 1.044131 0.007398 0.050604 0.051163 0.001054 0.583476 -0.001990 0.574441 20.109065 33.650043 -0.000478 0.001820 29.980596 19.953259 -0.003245 2.328564 0.012987 1.000004 0.000051 -0.000025 7.080277 -0.088509 -1289355.848107 0.363655 2_5_
2.155042 48.742748 47.668277 47.600016 29.874135 2.311213 0.000053 0.265818 0.266294 -0.001435 31.453117 9.991010 5.143351 1.025384 1.021495 0.022194 0.048254 0.050527 0.000838 0.589162 -0.002060 0.573831 20.074606 33.132282 0.000888 -0.000170 30.080842 20.266942 -0.011587 2.351740 0.003086 1.000085 0.000060 0.000018 7.367731 -0.083545 -1290174.177293 0.367130 2_5_
2.162328 48.755064 47.689034 47.609814 29.858446 2.312853 0.000219 0.267861 0.266329 -0.001433 30.474291 9.986589 5.124343 1.023167 1.035202 0.005992 0.050336 0.049486 0.001004 0.589620 -0.000507 0.573883 19.831299 29.797991 0.000034 -0.000032 30.116174 20.057600 -0.014573 1.984586 -0.010953 0.999960 -0.000052 0.000059 7.655765 -0.076793 -1290911.707014 0.370573 2_5_
2.187253 48.757817 47.683973 47.615635 29.896947 2.313575 -0.000063 0.268942 0.266356 -0.000275 29.589288 10.002586 5.113296 1.042977 1.011933 0.018409 0.049855 0.050090 0.001393 0.587191 -0.000792 0.577165 19.964795 30.716775 -0.000711 0.000058 30.151783 20.198522 0.005318 1.920460 -0.004176 0.999967 -0.000014 -0.000020 7.944331 -0.072198 -1291576.667532 0.373998 2_5_
2.212305 48.771463 47.691928 47.618885 29.881713 2.313062 0.000048 0.265813 0.266388 0.000345 28.767488 10.004618 5.115499 1.033207 1.034349 0.022209 0.051271 0.049342 0.001152 0.587918 -0.000266 0.578239 19.566748 28.365335 -0.000812 -0.000815 30.082227 20.128997 0.023724 1.793609 -0.002884 1.000030 0.000015 -0.000076 8.233376 -0.066379 -1292176.404957 0.377398 2_5_
2.211863 48.809821 47.719299 47.644737 29.919236 2.313821 -0.000044 0.264309 0.266425 -0.000464 28.219694 9.988429 5.110559 1.018112 1.036697 0.012117 0.050065 0.048634 0.001408 0.583666 -0.001101 0.578021 19.983011 27.518464 0.000844 0.000708 29.823778 19.677179 0.021881 1.395242 0.034168 0.999992 -0.000059 0.000058 8.522869 -0.061021 -1292717.484377 0.380772 2_5_
2.243282 48.800962 47.722207 47.656169 29.898338 2.314894 0.000146 0.266469 0.266457 0.000370 27.508028 9.996159 5.115665 1.032951 1.021117 0.022481 0.050081 0.050255 0.001315 0.586032 0.002858 0.577593 19.775054 28.539859 -0.000153 -0.001274 29.948860 19.905417 0.002062 1.299317 -0.006442 1.000102 0.000028 0.000004 8.812748 -0.054293 -1293205.779638 0.384100 2_5_
2.234745 48.845849 47.739855 47.673264 29.921446 2.314448 -0.000040 0.265775 0.266489 -0.002665 26.716086 10.007253 5.110611 1.022151 1.033742 0.022176 0.049983 0.047830 0.000924 0.582925 -0.001677 0.580011 19.978119 27.564209 -0.000394 0.000146 30.088709 19.680239 -0.022621 1.290355 -0.004172 0.999905 0.000018 -0.000017 9.102970 -0.048456 -1293646.551560 0.387410 2_5_
