20.091776 0.250224 30.073917 2.003217 2.823771 17.140069 79.736944 0.906746 0.250002 19.965738 10.018519 0.101526 0.609912 0.906547 -0.000014 -0.147362 0.000003 -0.000007 1
19.951345 0.249822 30.031528 2.021886 2.819421 17.476780 80.248647 0.906209 0.250001 20.169787 9.995608 0.101642 0.609769 0.906526 -0.000065 -0.154831 -0.000004 0.000006 1
19.876655 0.250196 30.007936 2.016703 2.826552 16.974540 79.953758 0.906553 0.250000 19.859654 10.001986 0.101651 0.609936 0.906488 -0.000120 -0.160773 -0.000001 0.000008 1
19.961653 0.250113 30.195022 2.013895 2.818192 17.303028 80.109917 0.906312 0.250004 20.031738 9.994756 0.101615 0.609818 0.906447 -0.000169 -0.168176 -0.000004 0.000004 1
20.054067 0.250118 29.913123 1.990184 2.840369 17.203424 80.288164 0.906502 0.250001 19.933260 10.004267 0.101613 0.609776 0.906559 -0.000212 -0.173759 -0.000000 0.000005 1
19.990057 0.249868 29.898721 1.991441 2.801538 17.446409 79.758236 0.906399 0.250001 19.870953 10.013721 0.101721 0.609846 0.906543 -0.000262 -0.180633 -0.000013 0.000001 1
19.900637 0.250136 30.289874 1.997014 2.861699 16.930726 79.762929 0.906527 0.249998 20.215223 9.992907 0.101647 0.609939 0.906516 -0.000313 -0.187607 -0.000011 0.000004 1
19.691467 0.249955 29.833471 1.997893 2.823461 17.223638 80.109231 0.906853 0.249999 20.133764 10.001012 0.101713 0.609881 0.906528 -0.000366 -0.194722 -0.000001 0.000006 1
20.025170 0.250144 30.043930 1.999049 2.831100 17.085395 79.814629 0.906802 0.249998 20.085722 9.989229 0.101628 0.609852 0.906578 -0.000419 -0.202011 -0.000008 0.000009 1
19.978493 0.250098 30.043554 1.975344 2.845160 17.120685 80.030005 0.906723 0.250001 19.775877 10.014741 0.101679 0.609935 0.906702 -0.000459 -0.209195 -0.000004 0.000015 1
20.137823 0.249886 30.145224 2.001102 2.820989 17.343182 79.940040 0.906241 0.250004 19.783056 10.011160 0.101732 0.609869 0.906564 -0.000517 -0.214153 -0.000005 -0.000004 1
19.811285 0.249734 30.056380 2.003854 2.837550 17.011281 79.734318 0.906349 0.249998 19.890856 9.996080 0.101716 0.609883 0.906548 -0.000563 -0.221123 0.000001 0.000005 1
20.371355 0.250124 30.085352 1.981670 2.841966 16.915118 79.964790 0.906511 0.249997 20.152913 10.001604 0.101746 0.609828 0.906537 -0.000618 -0.229903 -0.000003 0.000009 1
19.842668 0.249793 29.974974 1.989199 2.852085 17.332323 80.071774 0.906424 0.249998 20.100910 10.000626 0.101570 0.609890 0.906542 -0.000668 -0.235832 -0.000001 -0.000001 1
19.879825 0.249680 29.900207 1.982182 2.801171 17.187009 79.825525 0.906189 0.249999 19.900191 9.988909 0.101675 0.609823 0.906461 -0.000715 -0.242061 -0.000002 0.000006 1
20.134885 0.250102 30.119546 1.988338 2.808152 17.241539 80.047358 0.906335 0.249998 20.005614 9.992626 0.101644 0.609873 0.906435 -0.000773 -0.249222 -0.000002 0.000017 1
20.033175 0.249749 29.767286 2.009476 2.824963 17.206694 79.966511 0.906374 0.249999 20.054473 10.020034 0.101684 0.609846 0.906588 -0.000823 -0.255811 0.000000 0.000007 1
20.222591 0.249957 30.000312 1.988390 2.830047 17.195463 80.082704 0.906703 0.250004 20.258178 10.012560 0.101591 0.609916 0.906390 -0.000869 -0.262004 -0.000004 0.000001 1
19.773938 0.249914 29.920480 1.998823 2.828244 17.065496 80.217890 0.906618 0.249997 19.947153 9.999299 0.101601 0.609846 0.906583 -0.000921 -0.269314 -0.000004 0.000004 1
20.184487 0.250322 29.937454 1.990453 2.842980 17.047992 80.076122 0.906252 0.249999 19.929556 9.999541 0.101628 0.609841 0.906556 -0.000968 -0.276627 -0.000004 0.000010 1
20.049976 0.249662 29.788574 2.007104 2.803699 17.217850 80.185576 0.906620 0.250002 20.189285 9.993525 0.101613 0.609740 0.906613 -0.001016 -0.283107 -0.000004 0.000002 1
20.034148 0.249794 30.045316 2.006262 2.821339 17.301143 79.972122 0.906463 0.249998 20.065150 9.999208 0.101610 0.609802 0.906481 -0.001063 -0.290420 -0.000003 0.000012 1
20.239669 0.250064 30.143842 1.982341 2.825873 17.176917 80.025981 0.906387 0.250002 20.020611 9.989877 0.101593 0.609820 0.906486 -0.001118 -0.296799 -0.000002 0.000012 1
19.906377 0.249956 29.615911 1.993085 2.837440 17.146707 80.022376 0.906434 0.250000 20.138925 10.023509 0.101622 0.609795 0.906532 -0.001171 -0.303461 -0.000002 0.000001 1
20.199203 0.249965 30.029036 1.996747 2.844206 17.134695 79.722278 0.906834 0.249997 19.799934 9.993764 0.101672 0.609886 0.906590 -0.001222 -0.310015 -0.000005 0.000008 1
19.828301 0.250194 29.745352 1.997035 2.782672 17.280930 80.101270 0.906648 0.249999 20.131455 10.005751 0.101660 0.609858 0.906582 -0.001276 -0.317110 -0.000006 0.000006 1
19.821625 0.249878 30.124758 2.004155 2.849553 17.090552 80.198005 0.906285 0.250001 20.015395 10.005213 0.101681 0.609894 0.906468 -0.001319 -0.323968 -0.000009 0.000004 1
19.914561 0.249970 30.045220 2.014350 2.844271 16.988929 79.675941 0.906211 0.250001 19.987168 10.002431 0.101747 0.609853 0.906529 -0.001379 -0.330582 -0.000007 0.000006 1
19.904606 0.250027 29.869708 1.997884 2.790995 17.229400 79.951263 0.906663 0.250000 19.813376 9.997001 0.101669 0.609891 0.906488 -0.001429 -0.336543 0.000005 0.000013 1
19.883180 0.250348 30.065345 2.009312 2.811938 17.081777 79.979940 0.906026 0.250001 20.051543 9.998394 0.101591 0.609832 0.906511 -0.001478 -0.344809 -0.000003 0.000009 1
20.175411 0.249755 30.113663 2.001854 2.828220 17.098072 80.092033 0.906266 0.249999 19.918352 9.990062 0.101645 0.609781 0.906589 -0.001524 -0.351425 0.000003 0.000004 1
20.202091 0.250200 29.894087 2.014420 2.833451 17.192479 80.154921 0.906666 0.249997 19.917172 10.006782 0.101647 0.609803 0.906569 -0.001578 -0.357208 -0.000005 0.000006 1
20.198594 0.250128 29.969214 2.024389 2.840975 17.252654 80.134055 0.905969 0.249999 20.296564 9.987469 0.101708 0.609766 0.906532 -0.001626 -0.364513 0.000009 0.000003 1
19.795769 0.250138 30.222231 2.003660 2.841932 17.436459 80.104908 0.906778 0.250000 19.904937 10.010026 0.101719 0.609851 0.906425 -0.001688 -0.371524 -0.000001 0.000016 1
19.908789 0.250092 29.978314 1.992429 2.863985 17.297856 79.899886 0.906912 0.249998 20.096359 9.992033 0.101649 0.609918 0.906557 -0.001734 -0.378851 -0.000010 0.000001 1
19.837002 0.250079 29.953815 2.005884 2.839649 17.200101 79.847350 0.906615 0.250000 20.092603 9.981756 0.101726 0.609766 0.906548 -0.001775 -0.384837 -0.000004 0.000012 1
19.956589 0.249747 29.948618 2.000539 2.859137 17.224346 80.009988 0.906449 0.250001 19.908171 10.013698 0.101625 0.609814 0.906515 -0.001836 -0.391207 0.000002 -0.000004 1
20.035056 0.250053 30.012246 2.003904 2.820239 17.226684 79.839003 0.906638 0.249999 19.943149 10.007613 0.101649 0.609835 0.906589 -0.001883 -0.398360 -0.000004 0.000010 1
20.133643 0.249881 30.037931 2.006568 2.842365 17.224903 79.982263 0.906408 0.249998 20.000238 10.004385 0.101684 0.609845 0.906565 -0.001929 -0.405263 -0.000012 0.000015 1
19.862229 0.250156 29.862607 1.996929 2.815105 17.125288 79.871796 0.906689 0.250002 20.093958 10.001694 0.101582 0.609856 0.906515 -0.001986 -0.412502 -0.000008 0.000011 1
19.878112 0.249757 30.077489 2.004394 2.814299 17.106868 80.074681 0.907090 0.121822 20.063738 9.983741 0.019753 0.609811 0.906548 -11.549565 -231.316147 0.000001 0.700100 6_
19.902816 0.249816 29.978522 1.998205 2.790299 17.201836 80.109668 0.906135 0.121816 20.114272 9.995613 0.019728 0.609877 0.906564 -24.368027 -487.687333 -0.000007 0.700113 6_
20.189588 0.249941 29.893763 2.014151 2.839651 17.368190 79.832829 0.906561 0.121816 19.826215 10.001664 0.019877 0.609904 0.906536 -37.186527 -744.060116 -0.000003 0.700117 6_
20.117582 0.249998 30.218323 2.020878 2.789511 16.929299 80.030405 0.906115 0.121818 19.960170 10.008657 0.019722 0.609838 0.906535 -50.005029 -1000.433053 -0.000009 0.700122 6_
20.198127 0.249887 29.945108 1.998078 2.850756 17.027702 80.052657 0.906636 0.121817 19.994800 9.996327 0.019751 0.609798 0.906579 -62.823541 -1256.806275 -0.000001 0.700114 6_
19.873585 0.249986 30.073503 1.997259 2.808963 16.853209 79.964622 0.906651 0.121815 19.995957 10.000971 0.019830 0.609882 0.906548 -75.642048 -1513.178614 0.000001 0.700125 6_
19.996289 0.250095 29.903875 1.994657 2.831735 16.847811 80.062800 0.906785 0.121817 20.256678 9.998517 0.019798 0.609918 0.906561 -88.460546 -1769.552083 -0.000009 0.700112 6_
20.143205 0.250137 29.850525 2.006391 2.838195 17.294830 80.080771 0.906449 0.121811 20.163073 9.992663 0.019788 0.609884 0.906587 -101.279055 -2025.925569 -0.000002 0.700116 6_
19.811620 0.249923 29.998770 2.006226 2.817619 17.102775 79.819015 0.906985 0.121816 19.770268 9.999789 0.019737 0.609897 0.906430 -114.097567 -2282.296896 -0.000006 0.700120 6_
20.029160 0.249879 30.051835 2.007418 2.819582 17.439330 80.026479 0.906836 0.121821 20.245211 9.993334 0.019759 0.609817 0.906566 -126.916067 -2538.670660 -0.000007 0.700118 6_
20.071610 0.250085 30.040662 2.010745 2.813551 17.148397 80.127178 0.906480 0.121810 19.865504 9.998977 0.019843 0.609818 0.906404 -139.734560 -2795.042973 -0.000006 0.700118 6_
20.082310 0.249938 29.939939 2.004466 2.809405 17.417984 80.009260 0.906466 0.121815 20.249518 10.007941 0.019777 0.609751 0.906585 -152.553076 -3051.416089 0.000003 0.700116 6_
19.828793 0.249819 29.713404 1.991570 2.808502 16.989979 79.949049 0.906494 0.121813 19.875888 10.002890 0.019685 0.609779 0.906555 -165.371571 -3307.789846 -0.000006 0.700117 6_
20.083368 0.250077 30.026674 1.991641 2.811933 17.242704 80.248553 0.907074 0.121817 19.879545 9.997550 0.019625 0.609936 0.906580 -178.190079 -3564.161676 0.000006 0.700119 6_
20.115828 0.249480 30.093659 1.998840 2.834704 17.149600 79.803689 0.906402 0.121819 20.150594 9.997920 0.019738 0.609907 0.906465 -191.008581 -3820.534797 0.000006 0.700125 6_
20.005558 0.249920 29.842208 2.005133 2.869369 17.052765 80.177693 0.906933 0.121814 20.292749 9.995465 0.019789 0.609836 0.906495 -203.827084 -4076.907459 -0.000003 0.700115 6_
20.140587 0.249962 30.097671 2.010651 2.830412 16.880620 80.022358 0.906153 0.121819 19.974026 9.981626 0.019649 0.609930 0.906532 -216.645596 -4333.280009 -0.000004 0.700116 6_
20.001114 0.249976 29.978177 2.004401 2.819567 17.029030 80.320387 0.906413 0.121814 19.821625 9.993573 0.019772 0.609831 0.906569 -229.464099 -4589.654094 -0.000000 0.700122 6_
19.870494 0.249843 29.853424 1.995130 2.844654 16.957226 80.018672 0.906581 0.121815 19.930421 9.994884 0.019753 0.609921 0.906477 -242.282600 -4846.025119 0.000002 0.700134 6_
20.000914 0.249901 30.083357 1.975265 2.844898 17.265791 79.942998 0.906592 0.121815 20.202224 9.980957 0.019756 0.609812 0.906533 -255.101108 -5102.399040 0.000001 0.700116 6_
20.174272 0.249870 29.946626 2.000605 2.804069 17.161999 80.025924 0.906127 0.121817 19.991332 10.009560 0.019726 0.609903 0.906488 -267.919611 -5358.772975 0.000003 0.700122 6_
19.959749 0.250007 29.877525 1.998406 2.822451 17.071164 80.199679 0.906993 0.121813 19.847023 10.016359 0.019722 0.609971 0.906458 -280.738113 -5615.144680 -0.000007 0.700114 6_
19.755230 0.250317 30.022102 1.998983 2.804487 17.252957 79.815877 0.906564 0.121813 19.995709 10.001940 0.019779 0.609927 0.906589 -293.556622 -5871.518359 -0.000003 0.700111 6_
20.206922 0.249671 30.278717 1.991267 2.842673 16.989633 79.897565 0.906599 0.121815 20.073872 10.013349 0.019815 0.609877 0.906618 -306.375125 -6127.890708 -0.000006 0.700115 6_
20.126749 0.249783 30.027023 1.992033 2.834029 17.014179 79.829576 0.906448 0.121815 20.174280 9.992740 0.019857 0.609867 0.906490 -319.193630 -6384.264380 -0.000003 0.700119 6_
20.057153 0.250280 30.011285 1.997137 2.816545 17.230664 79.826606 0.906955 0.121816 19.831885 9.995177 0.019779 0.609953 0.906624 -332.012144 -6640.637323 -0.000002 0.700125 6_
19.851424 0.249795 29.914100 2.001050 2.822587 17.157341 79.940466 0.906665 0.121812 20.111267 10.002154 0.019757 0.609783 0.906556 -344.830642 -6897.010227 -0.000009 0.700123 6_
19.889487 0.249819 30.202589 1.987249 2.803308 16.973649 80.206671 0.906582 0.121814 19.941720 10.003381 0.019785 0.609908 0.906548 -357.649133 -7153.383060 -0.000006 0.700118 6_
20.028846 0.250021 29.760045 2.013826 2.812930 17.161850 79.954206 0.906125 0.121819 19.810104 9.996907 0.019660 0.609792 0.906505 -370.467645 -7409.755065 0.000007 0.700117 6_
19.976209 0.250107 30.235049 2.007951 2.867846 17.154998 79.926504 0.906342 0.121817 19.982631 10.004172 0.019723 0.609825 0.906517 -383.286154 -7666.127739 0.000004 0.700127 6_
19.892307 0.249952 29.953376 2.005097 2.838206 17.199964 79.937158 0.906757 0.121817 20.148443 10.004869 0.019690 0.609838 0.906526 -396.104660 -7922.501720 -0.000004 0.700126 6_
20.045796 0.250253 30.101114 1.985903 2.828277 17.146923 80.255488 0.906489 0.121815 19.882537 10.003652 0.019655 0.609907 0.906573 -408.923166 -8178.874663 0.000001 0.700121 6_
19.930404 0.250231 30.033791 2.010870 2.843905 17.072217 79.899383 0.905878 0.121816 19.934195 10.006348 0.019819 0.609759 0.906500 -421.741668 -8435.248203 0.000001 0.700118 6_
19.652122 0.250416 29.999715 1.994728 2.814322 17.201487 80.048624 0.906808 0.121813 19.732802 9.986733 0.019720 0.609829 0.906496 -434.560170 -8691.620430 -0.000005 0.700122 6_
20.106166 0.250141 29.902385 1.999338 2.820032 17.077591 80.037546 0.906176 0.121813 20.009031 10.008752 0.019768 0.609863 0.906583 -447.378677 -8947.993326 0.000003 0.700126 6_
19.946982 0.249770 29.811258 1.992031 2.806542 17.171859 80.047739 0.906827 0.121813 20.120457 10.008936 0.019816 0.609922 0.906549 -460.197181 -9204.365864 0.000003 0.700122 6_
19.904222 0.249865 30.060408 2.011189 2.840766 17.370844 79.942592 0.906729 0.121815 20.140182 10.003500 0.019793 0.609868 0.906478 -473.015687 -9460.737723 -0.000001 0.700117 6_
20.014880 0.250253 30.038385 2.011865 2.805552 16.972028 79.913235 0.906533 0.121816 19.816602 10.000126 0.019748 0.609864 0.906538 -485.834203 -9717.111480 0.000003 0.700112 6_
19.879059 0.250324 30.267397 1.986776 2.801653 17.155012 79.881265 0.906486 0.121816 19.617237 10.005333 0.019783 0.609823 0.906502 -498.652691 -9973.484037 0.000001 0.700125 6_
19.994588 0.250110 30.241244 2.002405 2.832759 17.248000 79.879683 0.906138 0.121809 20.250456 10.006383 0.019811 0.609863 0.906481 -511.471200 -10229.857085 0.000004 0.700122 6_
19.935085 0.249722 30.111040 1.986303 2.790615 17.384444 80.005214 0.906444 0.121814 19.642359 9.992647 0.019766 0.609838 0.906519 -524.289696 -10486.229498 0.000000 0.700122 6_
19.856499 0.250114 30.063614 1.990465 2.833288 17.152484 79.918340 0.906375 0.121818 19.940074 9.992528 0.019724 0.609920 0.906589 -537.108205 -10742.603185 -0.000003 0.700119 6_
19.941774 0.250002 29.974923 2.002837 2.824247 17.139764 79.896023 0.906664 0.121815 20.285471 9.990109 0.019771 0.609922 0.906495 -549.926712 -10998.975845 -0.000004 0.700124 6_
20.220745 0.250046 29.974417 1.992563 2.852221 16.840213 79.913682 0.906589 0.121813 19.632556 10.000039 0.019744 0.609811 0.906536 -562.745213 -11255.348893 -0.000000 0.700122 6_
19.857285 0.249921 30.065427 1.991369 2.848416 17.090135 80.247469 0.906131 0.121812 20.032493 9.999041 0.019742 0.609871 0.906504 -575.563724 -11511.721718 0.000002 0.700124 6_
19.892607 0.250184 30.260685 2.029217 2.797640 17.172030 79.808697 0.906517 0.121817 20.069738 9.994058 0.019691 0.609880 0.906458 -588.382233 -11768.094665 0.000001 0.700118 6_
20.149933 0.249888 30.142521 1.993785 2.838473 17.127608 79.848990 0.906992 0.121818 20.031859 9.981921 0.019659 0.609892 0.906500 -601.200729 -12024.467880 -0.000010 0.700114 6_
20.004719 0.249850 29.913227 2.003673 2.836292 17.109216 80.111202 0.906736 0.121815 19.939071 9.997505 0.019696 0.609833 0.906509 -614.019248 -12280.840452 -0.000001 0.700116 6_
20.015294 0.250182 30.237995 1.996851 2.825900 16.894059 79.692129 0.906612 0.121817 19.965592 9.988547 0.019705 0.609881 0.906527 -626.837741 -12537.213591 0.000001 0.700122 6_
19.983990 0.249894 29.896367 1.998559 2.821662 17.215077 80.152987 0.906553 0.121816 19.828414 10.006359 0.019653 0.609867 0.906509 -639.656245 -12793.586970 -0.000004 0.700126 6_
20.223773 0.250117 30.027849 2.014560 2.838783 17.094204 80.007301 0.906827 0.121815 20.084534 10.010222 0.019873 0.609834 0.906609 -652.474744 -13049.959062 0.000002 0.700126 6_
20.225104 0.250188 29.928594 1.997530 2.806670 17.256116 80.012786 0.906759 0.121813 20.268125 9.997974 0.019783 0.609798 0.906532 -665.293261 -13306.332112 -0.000007 0.700118 6_
20.103742 0.249941 29.941328 2.018894 2.838035 17.149042 79.839997 0.906611 0.121813 20.251141 9.986492 0.019796 0.609849 0.906550 -678.111769 -13562.704725 -0.000005 0.700122 6_
19.949514 0.250157 29.956282 2.007841 2.835038 17.407163 80.303903 0.906912 0.121814 20.078848 10.029798 0.019687 0.609880 0.906531 -690.930259 -13819.078645 -0.000001 0.700116 6_
19.936234 0.250364 30.083824 1.990128 2.864108 17.202074 79.840861 0.906634 0.121816 19.886308 9.997948 0.019712 0.609881 0.906596 -703.748762 -14075.451037 -0.000002 0.700124 6_
19.896022 0.250213 30.206409 1.997112 2.836569 17.194112 80.103312 0.906310 0.121814 19.889912 10.019802 0.019755 0.609842 0.906571 -716.567281 -14331.823472 0.000001 0.700122 6_
19.762524 0.250109 30.172473 1.991867 2.817375 17.239114 79.857460 0.906689 0.121819 19.647895 9.997524 0.019730 0.609771 0.906479 -729.385781 -14588.196588 -0.000006 0.700114 6_
19.893876 0.249958 30.078937 2.006032 2.819409 16.969744 80.040883 0.907189 0.121815 20.121157 9.997386 0.019835 0.609897 0.906540 -742.204285 -14844.570468 -0.000002 0.700118 6_
20.435357 0.250234 30.111387 1.995983 2.819271 17.150661 79.775225 0.906593 0.121814 20.110099 10.004472 0.019808 0.609924 0.906540 -755.022783 -15100.942410 -0.000005 0.700118 6_
20.125235 0.250028 29.897969 2.000904 2.869320 17.222176 80.000983 0.906308 0.121816 19.893305 10.009431 0.019833 0.609794 0.906533 -767.841290 -15357.316118 0.000004 0.700125 6_
