#
# FEATURE NAMES:
#  F0      T0      cA0       FR       TR       LM       TM       FW       FP       cA       cB       a1       a2 
#
13
1.000000 1.000000 1.000000 1.000000 0.972973 1.000000 1.000000 1.166667 1.000000 1.000000 0.983333 1.000000 1.000000 NORMAL
1.000000 1.000000 1.000000 0.999434 0.997491 1.000000 0.999956 1.104725 1.002140 1.000265 0.983329 0.999874 1.000000 NORMAL
1.000000 1.000000 1.000000 0.999451 1.005345 1.000000 0.999928 1.114209 1.002140 1.000523 0.983325 0.999863 1.000000 NORMAL
1.000000 1.000000 1.000000 0.999468 1.007529 1.000000 0.999906 1.123736 1.002140 1.000771 0.983321 0.999852 1.000000 NORMAL
1.000000 1.000000 1.000000 0.999484 1.008227 1.000000 0.999885 1.123063 1.002140 1.001010 0.983321 0.999841 1.000000 NORMAL
1.000000 1.000000 1.000000 0.999500 1.008765 1.000000 0.999864 1.122337 1.002140 1.001242 0.983321 0.999831 1.000000 NORMAL
1.000000 1.000000 1.250000 0.999515 1.008150 1.000000 0.999845 1.131783 1.002140 1.009261 0.983321 0.999821 1.000000 INPUT_CONCENTRATION_A_HIGH
1.000000 1.000000 1.250000 0.999530 1.005378 1.000000 0.999833 1.141305 1.002140 1.017422 0.983322 0.999811 1.000000 INPUT_CONCENTRATION_A_HIGH
1.000000 1.000000 1.250000 0.999543 1.002358 1.000000 0.999824 1.150878 1.002140 1.025319 0.983330 0.999802 1.000000 INPUT_CONCENTRATION_A_HIGH
1.000000 1.000000 1.250000 0.999557 0.999372 1.000000 0.999819 1.150319 1.002140 1.032958 0.983339 0.999793 1.000000 INPUT_CONCENTRATION_A_HIGH
1.000000 1.000000 1.250000 0.999571 0.996463 1.000000 0.999817 1.159995 1.002140 1.040349 0.983353 0.999784 1.000000 INPUT_CONCENTRATION_A_HIGH
1.000000 1.000000 1.250000 1.104255 1.127367 1.000000 0.999852 1.322969 1.002144 1.047500 0.983372 0.927600 1.000000 INPUT_CONCENTRATION_A_HIGH+RECYCLE_FLOW_SET_POINT_HIGH+FOULED_HEAT_EXCHANGER
1.000000 1.000000 1.250000 1.113479 1.132405 1.000000 0.999949 1.350030 1.002144 1.054417 0.983396 0.921008 1.000000 INPUT_CONCENTRATION_A_HIGH+RECYCLE_FLOW_SET_POINT_HIGH+FOULED_HEAT_EXCHANGER
1.000000 1.000000 1.250000 1.122393 1.114323 1.000000 1.000036 1.316074 1.002144 1.061109 0.983424 0.914594 1.000000 INPUT_CONCENTRATION_A_HIGH+RECYCLE_FLOW_SET_POINT_HIGH+FOULED_HEAT_EXCHANGER
1.000000 1.000000 1.250000 1.131008 1.100311 1.000000 1.000105 1.287076 1.002144 1.067583 0.983457 0.908351 1.000000 INPUT_CONCENTRATION_A_HIGH+RECYCLE_FLOW_SET_POINT_HIGH+FOULED_HEAT_EXCHANGER
1.000000 1.000000 1.250000 1.139337 1.093361 1.000000 1.000163 1.273274 1.002144 1.073846 0.983489 0.902275 1.000000 INPUT_CONCENTRATION_A_HIGH+RECYCLE_FLOW_SET_POINT_HIGH+FOULED_HEAT_EXCHANGER
1.000000 1.000000 1.250000 1.147390 1.091145 1.000000 1.000215 1.269683 1.002144 1.079905 0.983528 0.896360 1.000000 INPUT_CONCENTRATION_A_HIGH+RECYCLE_FLOW_SET_POINT_HIGH+FOULED_HEAT_EXCHANGER
1.000000 1.000000 1.250000 1.155179 1.091291 1.000000 1.000268 1.271314 1.002144 1.085765 0.983569 0.890601 1.000000 INPUT_CONCENTRATION_A_HIGH+RECYCLE_FLOW_SET_POINT_HIGH+FOULED_HEAT_EXCHANGER
1.000000 1.000000 1.250000 1.162715 1.092350 1.000000 1.000323 1.283301 1.002144 1.091435 0.983610 0.884994 1.000000 INPUT_CONCENTRATION_A_HIGH+RECYCLE_FLOW_SET_POINT_HIGH+FOULED_HEAT_EXCHANGER
1.000000 1.000000 1.250000 1.170008 1.093409 1.000000 1.000381 1.285315 1.002144 1.096920 0.983658 0.879533 1.000000 INPUT_CONCENTRATION_A_HIGH+RECYCLE_FLOW_SET_POINT_HIGH+FOULED_HEAT_EXCHANGER
1.000000 1.000000 1.250000 1.177066 1.094657 1.000000 1.000440 1.292573 1.002148 1.102227 0.983706 0.874216 1.000000 INPUT_CONCENTRATION_A_HIGH+RECYCLE_FLOW_SET_POINT_HIGH+FOULED_HEAT_EXCHANGER
1.000000 1.000000 1.000000 1.084095 0.933867 1.000000 1.000339 1.027149 1.002144 1.099567 0.983755 0.942284 1.000000 
1.000000 1.000000 1.000000 1.081666 0.993169 1.000000 1.000305 1.159557 1.002144 1.096591 0.983804 0.943986 1.000000 
1.000000 1.000000 1.000000 1.079303 1.008769 1.000000 1.000307 1.190868 1.002144 1.093712 0.983853 0.945638 1.000000 
1.000000 1.000000 1.000000 1.077006 1.012707 1.000000 1.000317 1.196944 1.002144 1.090927 0.983898 0.947241 1.000000 
1.000000 1.000000 1.000000 1.074773 1.013732 1.000000 1.000327 1.197961 1.002144 1.088232 0.983938 0.948798 1.000000 
1.000000 1.000000 1.000000 1.428571 1.124003 1.000000 1.000239 1.115565 1.002140 1.085625 0.983979 1.029363 1.000000 RECYCLE_FLOWMETER_STUCK_HIGH
1.000000 1.000000 1.000000 1.428571 1.147022 1.000000 1.000230 1.177015 1.002140 1.083103 0.984020 1.040631 1.000000 RECYCLE_FLOWMETER_STUCK_HIGH
1.000000 1.000000 1.000000 1.428571 1.151552 1.000000 1.000234 1.187866 1.002140 1.080663 0.984060 1.051899 1.000000 RECYCLE_FLOWMETER_STUCK_HIGH
1.000000 1.000000 1.000000 1.428571 1.153166 1.000000 1.000240 1.188577 1.002140 1.078303 0.984101 1.063167 1.000000 RECYCLE_FLOWMETER_STUCK_HIGH
1.000000 1.000000 1.000000 1.428571 1.153732 1.000000 1.000245 1.189290 1.002140 1.076019 0.984141 1.074435 1.000000 RECYCLE_FLOWMETER_STUCK_HIGH
1.000000 1.000000 1.000000 1.010416 1.037942 0.999789 1.000355 1.304090 0.998297 1.073812 0.984175 0.992677 0.995734 LEAK_FLOW_IN_REACTOR
1.000000 1.000000 1.000000 1.010212 0.998955 0.999567 1.000391 1.224365 0.993950 1.071684 0.984208 0.992908 0.991170 LEAK_FLOW_IN_REACTOR
1.000000 1.000000 1.000000 1.010013 0.988049 0.999350 1.000402 1.195081 0.989617 1.069631 0.984240 0.993135 0.986622 LEAK_FLOW_IN_REACTOR
1.000000 1.000000 1.000000 1.009822 0.985311 0.999134 1.000405 1.185984 0.985214 1.067652 0.984273 0.993358 0.981998 LEAK_FLOW_IN_REACTOR
1.000000 1.000000 1.000000 1.009639 0.984843 0.998919 1.000405 1.187002 0.980755 1.065745 0.984305 0.993578 0.977322 LEAK_FLOW_IN_REACTOR
1.000000 1.000000 1.000000 1.009366 0.984307 0.998918 1.000405 1.188019 0.980096 1.063903 0.984338 0.993775 0.976856 
1.000000 1.000000 1.000000 1.009091 0.984526 0.998927 1.000403 1.183912 0.979871 1.062122 0.984369 0.993963 0.976615 
1.000000 1.000000 1.000000 1.008825 0.985550 0.998937 1.000399 1.179749 0.979646 1.060397 0.984397 0.994146 0.976379 
1.000000 1.000000 1.000000 1.008567 0.986085 0.998946 1.000393 1.180664 0.979424 1.058729 0.984426 0.994325 0.976146 
