#
# 1. Title: CSTR Simulator output
#
# 2. Source:
#      CSTR Simulator
#
# 3. Number of Instances: See the file used to configure the simulator
#
# 4. Number of Attributes: 38 numeric and the class
#
# 5. Attribute Information:
#    1. Tank head
#    2. Outlet tank head
#    3. Head after pipe 1
#    4. Head after valve
#    5. Head after pipe 2
#    6. Leak head
#    7. Tank Inlet flow rate
#    8. Flow rate in pipe 1
#    9. Flow rate in pipe 2
#    10. Leak flow rate
#    11. Reactor temperature
#    12. Cooling system inlet head
#    13. Head after pipe 1
#    14. Head after valve
#    15. Head after jacket obstruction
#    16. Head after pipe 2
#    17. Leak to environment head
#    18. Leak to tank head
#    19. Cooling system inlet flow rate (pipe 1)
#    20. Flow rate in pipe 2
#    21. Leak to environment flow rate
#    22. Leak to tank flow rate
#    23. Coolant inlet temperature
#    24. Jacket temperature
#    25. Generation rate of product B
#    26. Generation rate of product C
#    27. Feed temperature
#    28. Feed concentration
#    29. Concentration of reactant A
#    30. Concentration of product B
#    31. Concentration of product C
#    32. Level controller output
#    33. Coolant controller output
#    34. Coolant setpoint
#    35. Inventory
#    36. Mol balance
#    37. Cooling water head loss
#    38. Effluent head loss
#    39. Class
#
# 6. Missing Attribute Values: None
#
#
#
38
2.003217 48.620903 48.000526 41.959108 26.320070 0.000484 0.250224 0.249910 0.250002 -0.000648 79.736944 10.018519 5.746142 3.541657 3.532762 0.062264 0.001129 0.000045 0.906746 0.903890 0.001751 0.001288 19.965738 38.829890 1.429742 0.001119 30.073917 20.091776 2.823771 17.140069 0.030215 0.101526 0.609912 0.906547 -0.000014 -0.147362 0.000003 -0.000007 1
2.021886 48.617774 48.011717 41.946670 26.330678 0.000885 0.249822 0.250746 0.250001 -0.000074 80.248647 9.995608 5.749380 3.529350 3.544109 0.064944 -0.001204 0.001719 0.906209 0.906317 0.000146 0.002126 20.169787 38.012890 1.428422 0.001083 30.031528 19.951345 2.819421 17.476780 0.034228 0.101642 0.609769 0.906526 -0.000065 -0.154831 -0.000004 0.000006 1
2.016703 48.615499 47.985310 41.955338 26.326773 -0.000967 0.250196 0.254085 0.250000 0.003705 79.953758 10.001986 5.751086 3.533479 3.532301 0.069467 0.000383 0.000327 0.906553 0.904106 -0.005313 0.000693 19.859654 40.136497 1.428854 0.002141 30.007936 19.876655 2.826552 16.974540 -0.004515 0.101651 0.609936 0.906488 -0.000120 -0.160773 -0.000001 0.000008 1
2.013895 48.619017 47.973448 41.964675 26.329985 0.000831 0.250113 0.251639 0.250004 0.000642 80.109917 9.994756 5.745512 3.535698 3.537562 0.073212 0.000261 0.000550 0.906312 0.903233 -0.000804 -0.004210 20.031738 40.001256 1.428157 0.002419 30.195022 19.961653 2.818192 17.303028 0.028651 0.101615 0.609818 0.906447 -0.000169 -0.168176 -0.000004 0.000004 1
1.990184 48.620058 47.990344 41.962371 26.319364 -0.001582 0.250118 0.250542 0.250001 0.002816 80.288164 10.004267 5.738791 3.554057 3.534640 0.084508 0.000191 0.000601 0.906502 0.908074 -0.002060 -0.005345 19.933260 38.745370 1.428213 0.001880 29.913123 20.054067 2.840369 17.203424 0.028339 0.101613 0.609776 0.906559 -0.000212 -0.173759 -0.000000 0.000005 1
1.991441 48.629283 48.003301 41.953564 26.309871 -0.001900 0.249868 0.250632 0.250001 -0.000995 79.758236 10.013721 5.742146 3.523167 3.533291 0.059114 -0.002317 0.000257 0.906399 0.907578 -0.000946 0.002034 19.870953 39.427884 1.429513 0.002877 29.898721 19.990057 2.801538 17.446409 0.017318 0.101721 0.609846 0.906543 -0.000262 -0.180633 -0.000013 0.000001 1
1.997014 48.616791 47.994149 41.962101 26.318996 0.001360 0.250136 0.252622 0.249998 -0.001883 79.762929 9.992907 5.740754 3.521710 3.518900 0.076515 -0.000537 -0.000956 0.906527 0.906026 0.002460 -0.001336 20.215223 38.859733 1.430293 0.001972 30.289874 19.900637 2.861699 16.930726 0.026369 0.101647 0.609939 0.906516 -0.000313 -0.187607 -0.000011 0.000004 1
1.997893 48.615507 48.006697 41.961771 26.328819 -0.000538 0.249955 0.248033 0.249999 0.000692 80.109231 10.001012 5.760127 3.526799 3.532139 0.056962 0.000809 0.000205 0.906853 0.910067 -0.000066 0.002332 20.133764 38.773555 1.429796 0.000272 29.833471 19.691467 2.823461 17.223638 0.032979 0.101713 0.609881 0.906528 -0.000366 -0.194722 -0.000001 0.000006 1
1.999049 48.623715 47.996790 41.952232 26.333226 -0.000685 0.250144 0.245114 0.249998 0.004671 79.814629 9.989229 5.760155 3.551632 3.509593 0.064987 -0.000938 -0.000169 0.906802 0.906735 0.001688 -0.001563 20.085722 39.938759 1.429967 0.002280 30.043930 20.025170 2.831100 17.085395 0.006197 0.101628 0.609852 0.906578 -0.000419 -0.202011 -0.000008 0.000009 1
1.975344 48.621610 48.005649 41.960662 26.346050 0.002543 0.250098 0.246992 0.250001 -0.000696 80.030005 10.014741 5.756364 3.537596 3.528663 0.070725 0.000671 -0.000350 0.906723 0.906151 0.000864 0.001683 19.775877 40.622224 1.428917 0.000957 30.043554 19.978493 2.845160 17.120685 0.028456 0.101679 0.609935 0.906702 -0.000459 -0.209195 -0.000004 0.000015 1
2.001102 48.626806 48.008782 41.956638 26.326573 0.001849 0.249886 0.248818 0.250004 -0.000390 79.940040 10.011160 5.733040 3.541043 3.526740 0.058137 0.001789 0.000316 0.906241 0.907339 -0.000108 -0.002326 19.783056 41.289584 1.430930 0.003054 30.145224 20.137823 2.820989 17.343182 0.007845 0.101732 0.609869 0.906564 -0.000517 -0.214153 -0.000005 -0.000004 1
2.003854 48.647945 48.016231 41.948121 26.323920 0.001435 0.249734 0.248754 0.249998 -0.001666 79.734318 9.996080 5.743399 3.533936 3.524321 0.082318 0.000393 -0.001137 0.906349 0.907494 0.004784 0.002243 19.890856 40.315719 1.429182 0.000671 30.056380 19.811285 2.837550 17.011281 0.044669 0.101716 0.609883 0.906548 -0.000563 -0.221123 0.000001 0.000005 1
1.981670 48.617370 48.001769 41.964517 26.341715 -0.001591 0.250124 0.253927 0.249997 -0.000860 79.964790 10.001604 5.735075 3.511360 3.525856 0.048604 0.000558 0.000124 0.906511 0.906431 0.000608 -0.000325 20.152913 40.595160 1.429175 0.002299 30.085352 20.371355 2.841966 16.915118 0.031460 0.101746 0.609828 0.906537 -0.000618 -0.229903 -0.000003 0.000009 1
1.989199 48.610187 48.007552 41.953179 26.333283 -0.000965 0.249793 0.249281 0.249998 0.000282 80.071774 10.000626 5.735764 3.541824 3.556790 0.049375 -0.000031 -0.000639 0.906424 0.907160 0.002782 -0.001060 20.100910 40.452825 1.431416 0.002911 29.974974 19.842668 2.852085 17.332323 0.018473 0.101570 0.609890 0.906542 -0.000668 -0.235832 -0.000001 -0.000001 1
1.982182 48.617302 47.988494 41.965396 26.323518 -0.000920 0.249680 0.248907 0.249999 -0.003889 79.825525 9.988909 5.746531 3.527694 3.534385 0.044059 -0.001372 -0.000149 0.906189 0.905078 -0.001436 0.002680 19.900191 38.739407 1.429426 -0.000113 29.900207 19.879825 2.801171 17.187009 0.039472 0.101675 0.609823 0.906461 -0.000715 -0.242061 -0.000002 0.000006 1
1.988338 48.632472 47.990554 41.979990 26.324154 0.000410 0.250102 0.250339 0.249998 -0.000294 80.047358 9.992626 5.744047 3.531894 3.520232 0.067755 -0.000266 -0.000048 0.906335 0.905864 0.000862 -0.000748 20.005614 39.433783 1.429294 0.001626 30.119546 20.134885 2.808152 17.241539 0.014269 0.101644 0.609873 0.906435 -0.000773 -0.249222 -0.000002 0.000017 1
2.009476 48.626075 48.011944 41.976098 26.306479 -0.000281 0.249749 0.248603 0.249999 0.000897 79.966511 10.020034 5.731814 3.528552 3.522128 0.054145 0.001336 0.001256 0.906374 0.907451 0.002168 0.001898 20.054473 41.942266 1.430820 0.001947 29.767286 20.033175 2.824963 17.206694 0.014648 0.101684 0.609846 0.906588 -0.000823 -0.255811 0.000000 0.000007 1
1.988390 48.632376 48.030376 41.947222 26.297714 0.001476 0.249957 0.248447 0.250004 0.000300 80.082704 10.012560 5.748773 3.522885 3.525277 0.071354 0.001815 0.002324 0.906703 0.901373 0.001762 -0.003016 20.258178 39.425820 1.431078 0.001900 30.000312 20.222591 2.830047 17.195463 0.016774 0.101591 0.609916 0.906390 -0.000869 -0.262004 -0.000004 0.000001 1
1.998823 48.644353 48.002123 41.931470 26.333912 -0.000007 0.249914 0.248214 0.249997 -0.000916 80.217890 9.999299 5.754427 3.527820 3.545140 0.076946 0.001381 0.000476 0.906618 0.905040 -0.001227 0.002630 19.947153 40.053560 1.429869 0.002926 29.920480 19.773938 2.828244 17.065496 0.014953 0.101601 0.609846 0.906583 -0.000921 -0.269314 -0.000004 0.000004 1
1.990453 48.614053 47.981122 41.945907 26.323404 -0.001112 0.250322 0.251331 0.249999 -0.000103 80.076122 9.999541 5.749151 3.540202 3.535846 0.074218 -0.001100 0.001420 0.906252 0.906202 0.004520 -0.004946 19.929556 40.247267 1.430039 0.001949 29.937454 20.184487 2.842980 17.047992 0.009642 0.101628 0.609841 0.906556 -0.000968 -0.276627 -0.000004 0.000010 1
2.007104 48.618261 48.004876 41.959709 26.326290 -0.001051 0.249662 0.250982 0.250002 -0.002316 80.185576 9.993525 5.754183 3.536188 3.529597 0.055559 -0.000564 -0.002114 0.906620 0.904625 0.001336 0.000195 20.189285 39.838669 1.429340 0.002495 29.788574 20.049976 2.803699 17.217850 0.025718 0.101613 0.609740 0.906613 -0.001016 -0.283107 -0.000004 0.000002 1
2.006262 48.620007 47.999936 41.945368 26.333983 0.000331 0.249794 0.245975 0.249998 0.000731 79.972122 9.999208 5.730171 3.524405 3.528133 0.073550 0.001071 -0.001094 0.906463 0.902451 0.000794 0.001850 20.065150 39.523322 1.429873 0.002220 30.045316 20.034148 2.821339 17.301143 0.021750 0.101610 0.609802 0.906481 -0.001063 -0.290420 -0.000003 0.000012 1
1.982341 48.620542 48.007568 41.965777 26.343633 0.000139 0.250064 0.250068 0.250002 -0.001345 80.025981 9.989877 5.742510 3.541662 3.541114 0.079996 0.000095 -0.001497 0.906387 0.904748 0.001146 0.000821 20.020611 39.487497 1.430444 0.001982 30.143842 20.239669 2.825873 17.176917 0.016425 0.101593 0.609820 0.906486 -0.001118 -0.296799 -0.000002 0.000012 1
1.993085 48.620828 47.995256 41.977005 26.317962 -0.000988 0.249956 0.249866 0.250000 -0.001656 80.022376 10.023509 5.738042 3.516018 3.540700 0.074405 -0.000751 -0.000668 0.906434 0.906450 -0.001818 0.002425 20.138925 39.823761 1.429624 0.000574 29.615911 19.906377 2.837440 17.146707 0.027889 0.101622 0.609795 0.906532 -0.001171 -0.303461 -0.000002 0.000001 1
1.996747 48.613642 48.008039 41.955688 26.337707 -0.000763 0.249965 0.247766 0.249997 -0.000549 79.722278 9.993764 5.749115 3.535761 3.549482 0.068794 -0.002181 -0.000961 0.906834 0.905140 -0.003667 -0.000348 19.799934 40.289912 1.427858 0.001865 30.029036 20.199203 2.844206 17.134695 0.035260 0.101672 0.609886 0.906590 -0.001222 -0.310015 -0.000005 0.000008 1
1.997035 48.624786 48.014173 41.942498 26.326940 -0.000412 0.250194 0.251757 0.249999 0.000894 80.101270 10.005751 5.750829 3.537939 3.517065 0.060116 0.000879 0.000365 0.906648 0.903540 -0.000663 0.000731 20.131455 40.817489 1.429148 0.000827 29.745352 19.828301 2.782672 17.280930 0.006240 0.101660 0.609858 0.906582 -0.001276 -0.317110 -0.000006 0.000006 1
2.004155 48.618133 47.989200 41.956764 26.312975 -0.002263 0.249878 0.245927 0.250001 0.001387 80.198005 10.005213 5.740376 3.525016 3.550056 0.052890 -0.000845 -0.000130 0.906285 0.907035 -0.001610 0.002230 20.015395 39.590666 1.427543 0.003250 30.124758 19.821625 2.849553 17.090552 0.006322 0.101681 0.609894 0.906468 -0.001319 -0.323968 -0.000009 0.000004 1
2.014350 48.622167 47.994684 41.949696 26.337741 -0.000355 0.249970 0.250960 0.250001 -0.000266 79.675941 10.002431 5.744826 3.544982 3.505377 0.047093 0.001363 0.000920 0.906211 0.906293 0.001074 -0.000093 19.987168 38.729338 1.429921 0.003295 30.045220 19.914561 2.844271 16.988929 0.034558 0.101747 0.609853 0.906529 -0.001379 -0.330582 -0.000007 0.000006 1
1.997884 48.609766 47.989228 41.937730 26.331974 0.000292 0.250027 0.246877 0.250000 -0.001125 79.951263 9.997001 5.736468 3.559675 3.532239 0.057589 -0.000191 -0.000453 0.906663 0.904955 0.000861 -0.003565 19.813376 38.798183 1.429516 0.002094 29.869708 19.904606 2.790995 17.229400 0.021874 0.101669 0.609891 0.906488 -0.001429 -0.336543 0.000005 0.000013 1
2.009312 48.630004 47.991069 41.956010 26.322958 -0.000272 0.250348 0.248933 0.250001 0.002716 79.979940 9.998394 5.745793 3.531285 3.518454 0.062030 -0.000506 -0.000688 0.906026 0.906228 -0.004331 0.001885 20.051543 41.506449 1.428104 0.001083 30.065345 19.883180 2.811938 17.081777 0.037140 0.101591 0.609832 0.906511 -0.001478 -0.344809 -0.000003 0.000009 1
2.001854 48.616911 48.006362 41.959803 26.318446 0.001113 0.249755 0.250982 0.249999 -0.000949 80.092033 9.990062 5.745950 3.534025 3.530892 0.049658 0.001678 0.000589 0.906266 0.908139 -0.002653 -0.000924 19.918352 39.177076 1.429762 0.002507 30.113663 20.175411 2.828220 17.098072 0.023240 0.101645 0.609781 0.906589 -0.001524 -0.351425 0.000003 0.000004 1
2.014420 48.615346 47.993391 41.952079 26.317990 0.001240 0.250200 0.253783 0.249997 -0.002481 80.154921 10.006782 5.733372 3.539777 3.535138 0.063153 0.000178 -0.000438 0.906666 0.909374 0.001486 -0.001203 19.917172 39.911163 1.428839 0.003227 29.894087 20.202091 2.833451 17.192479 0.001133 0.101647 0.609803 0.906569 -0.001578 -0.357208 -0.000005 0.000006 1
2.024389 48.625771 48.002715 41.943809 26.317950 -0.000287 0.250128 0.250067 0.249999 0.001342 80.134055 9.987469 5.754707 3.530228 3.529883 0.064255 0.000483 -0.000163 0.905969 0.907256 0.002611 -0.003133 20.296564 39.776270 1.430298 0.002941 29.969214 20.198594 2.840975 17.252654 0.026954 0.101708 0.609766 0.906532 -0.001626 -0.364513 0.000009 0.000003 1
2.003660 48.629362 48.006161 41.945508 26.338997 -0.001132 0.250138 0.249118 0.250000 -0.000252 80.104908 10.010026 5.735074 3.541210 3.519460 0.077622 0.000210 -0.000448 0.906778 0.909259 0.000295 -0.002409 19.904937 41.100460 1.429042 0.002663 30.222231 19.795769 2.841932 17.436459 0.057736 0.101719 0.609851 0.906425 -0.001688 -0.371524 -0.000001 0.000016 1
1.992429 48.631110 48.021044 41.954583 26.327533 0.000845 0.250092 0.249114 0.249998 0.002281 79.899886 9.992033 5.741958 3.533844 3.531195 0.067699 -0.001028 0.000086 0.906912 0.907134 0.001665 0.003123 20.096359 40.903196 1.429750 0.003279 29.978314 19.908789 2.863985 17.297856 0.032136 0.101649 0.609918 0.906557 -0.001734 -0.378851 -0.000010 0.000001 1
2.005884 48.615662 48.003756 41.952790 26.321975 -0.000432 0.250079 0.250711 0.250000 0.001674 79.847350 9.981756 5.731116 3.543809 3.537790 0.058745 -0.002103 0.001241 0.906615 0.906302 -0.001111 -0.001961 20.092603 38.945054 1.429135 0.002131 29.953815 19.837002 2.839649 17.200101 -0.013649 0.101726 0.609766 0.906548 -0.001775 -0.384837 -0.000004 0.000012 1
2.000539 48.612451 47.977556 41.938811 26.323631 -0.000468 0.249747 0.250617 0.250001 0.000772 80.009988 10.013698 5.740254 3.522791 3.525575 0.059263 -0.001504 0.001275 0.906449 0.906516 -0.001437 -0.000934 19.908171 39.974546 1.429832 0.002183 29.948618 19.956589 2.859137 17.224346 -0.002672 0.101625 0.609814 0.906515 -0.001836 -0.391207 0.000002 -0.000004 1
2.003904 48.634869 47.984716 41.954698 26.317619 0.000221 0.250053 0.246991 0.249999 0.000432 79.839003 10.007613 5.745400 3.539234 3.544811 0.070927 -0.000369 0.000833 0.906638 0.908066 0.001397 -0.002523 19.943149 40.613581 1.430376 0.000831 30.012246 20.035056 2.820239 17.226684 0.056989 0.101649 0.609835 0.906589 -0.001883 -0.398360 -0.000004 0.000010 1
2.006568 48.637833 47.991270 41.952565 26.349996 0.001735 0.249881 0.248978 0.249998 0.003565 79.982263 10.004385 5.757556 3.521480 3.536844 0.074383 0.000275 0.000559 0.906408 0.907139 -0.001729 -0.002439 20.000238 41.438876 1.428713 -0.000601 30.037931 20.133643 2.842365 17.224903 0.025468 0.101684 0.609845 0.906565 -0.001929 -0.405263 -0.000012 0.000015 1
1.996929 48.627668 48.003826 41.964682 26.321422 -0.000148 0.250156 0.252350 0.250002 -0.000805 79.871796 10.001694 5.734388 3.541700 3.541232 0.064514 0.001116 0.000799 0.906689 0.905626 -0.000553 -0.002219 20.093958 42.292203 1.426876 0.001960 29.862607 19.862229 2.815105 17.125288 0.052262 0.101582 0.609856 0.906515 -0.001986 -0.412502 -0.000008 0.000011 1
2.004394 48.625550 48.013066 9.966822 6.247330 6.922422 0.249757 0.247755 0.121822 0.126272 80.074681 9.983741 5.729222 3.533553 3.548143 0.070450 0.000794 -0.000607 0.907090 0.906675 0.000762 -0.002062 20.063738 40.342869 1.428913 0.002775 30.077489 19.878112 2.814299 17.106868 0.029850 0.019753 0.609811 0.906548 -11.549565 -231.316147 0.000001 0.700100 6_
1.998205 48.631236 48.009642 9.966619 6.247935 6.922803 0.249816 0.248298 0.121816 0.127136 80.109668 9.995613 5.757645 3.541286 3.549812 0.067762 0.000274 0.000228 0.906135 0.904860 -0.001018 -0.002979 20.114272 39.632035 1.428367 0.001008 29.978522 19.902816 2.790299 17.201836 0.023988 0.019728 0.609877 0.906564 -24.368027 -487.687333 -0.000007 0.700113 6_
2.014151 48.627559 47.995000 9.968181 6.239213 6.921186 0.249941 0.250447 0.121816 0.129702 79.832829 10.001664 5.744706 3.537831 3.535840 0.058437 0.001119 0.000935 0.906561 0.909248 0.001998 -0.005987 19.826215 40.283447 1.428776 0.001799 29.893763 20.189588 2.839651 17.368190 0.024696 0.019877 0.609904 0.906536 -37.186527 -744.060116 -0.000003 0.700117 6_
2.020878 48.627688 47.999355 9.971197 6.245123 6.920015 0.249998 0.249315 0.121818 0.127262 80.030405 10.008657 5.730201 3.545661 3.530592 0.070175 -0.000036 0.000292 0.906115 0.907914 0.000847 0.000232 19.960170 38.714255 1.429311 0.000536 30.218323 20.117582 2.789511 16.929299 0.028316 0.019722 0.609838 0.906535 -50.005029 -1000.433053 -0.000009 0.700122 6_
1.998078 48.614938 47.997343 9.963703 6.255848 6.922076 0.249887 0.251481 0.121817 0.127707 80.052657 9.996327 5.751479 3.540627 3.527940 0.074000 0.000671 -0.001662 0.906636 0.907572 -0.002643 -0.002641 19.994800 41.133333 1.430371 0.002778 29.945108 20.198127 2.850756 17.027702 0.023557 0.019751 0.609798 0.906579 -62.823541 -1256.806275 -0.000001 0.700114 6_
1.997259 48.626601 48.005060 9.959043 6.239549 6.921224 0.249986 0.247116 0.121815 0.127162 79.964622 10.000971 5.747795 3.544799 3.511638 0.058668 -0.000430 0.000200 0.906651 0.907233 -0.002748 0.002575 19.995957 39.422703 1.429791 0.002849 30.073503 19.873585 2.808963 16.853209 0.008284 0.019830 0.609882 0.906548 -75.642048 -1513.178614 0.000001 0.700125 6_
1.994657 48.624044 47.983217 9.955002 6.248920 6.923121 0.250095 0.249383 0.121817 0.127668 80.062800 9.998517 5.744597 3.549116 3.556151 0.061055 -0.000006 0.001777 0.906785 0.906876 0.002259 -0.004379 20.256678 39.373884 1.430594 0.001538 29.903875 19.996289 2.831735 16.847811 0.044344 0.019798 0.609918 0.906561 -88.460546 -1769.552083 -0.000009 0.700112 6_
2.006391 48.631757 47.995783 9.968361 6.253791 6.920847 0.250137 0.251575 0.121811 0.130329 80.080771 9.992663 5.754097 3.540295 3.551870 0.069867 0.000315 -0.002066 0.906449 0.908263 0.001056 -0.003283 20.163073 40.797240 1.429626 0.002526 29.850525 20.143205 2.838195 17.294830 0.028734 0.019788 0.609884 0.906587 -101.279055 -2025.925569 -0.000002 0.700116 6_
2.006226 48.627287 48.012549 9.959796 6.259463 6.920678 0.249923 0.245807 0.121816 0.125805 79.819015 9.999789 5.749003 3.543408 3.541232 0.073351 0.001622 0.000888 0.906985 0.906348 0.000259 -0.000954 19.770268 41.276105 1.430456 0.001409 29.998770 19.811620 2.817619 17.102775 0.009692 0.019737 0.609897 0.906430 -114.097567 -2282.296896 -0.000006 0.700120 6_
2.007418 48.621059 48.004566 9.956270 6.259124 6.921142 0.249879 0.248982 0.121821 0.128898 80.026479 9.993334 5.759662 3.545308 3.552795 0.056047 0.001274 0.000058 0.906836 0.907049 0.001859 -0.001400 20.245211 40.596125 1.428840 0.002490 30.051835 20.029160 2.819582 17.439330 0.021424 0.019759 0.609817 0.906566 -126.916067 -2538.670660 -0.000007 0.700118 6_
2.010745 48.621755 48.004508 9.965768 6.245384 6.920983 0.250085 0.250352 0.121810 0.127352 80.127178 9.998977 5.751701 3.519451 3.526183 0.069615 -0.000736 -0.000687 0.906480 0.906634 0.000499 0.001696 19.865504 39.363146 1.428163 0.003284 30.040662 20.071610 2.813551 17.148397 0.012953 0.019843 0.609818 0.906404 -139.734560 -2795.042973 -0.000006 0.700118 6_
2.004466 48.623194 48.001867 9.961377 6.259042 6.921465 0.249938 0.253168 0.121815 0.128391 80.009260 10.007941 5.726720 3.521547 3.537942 0.072804 -0.000302 0.000561 0.906466 0.906072 0.000369 0.000041 20.249518 37.853341 1.428766 0.001331 29.939939 20.082310 2.809405 17.417984 0.009130 0.019777 0.609751 0.906585 -152.553076 -3051.416089 0.000003 0.700116 6_
1.991570 48.627493 47.987885 9.948614 6.252929 6.922415 0.249819 0.247753 0.121813 0.128968 79.949049 10.002890 5.742841 3.546867 3.529081 0.068689 -0.000696 0.000893 0.906494 0.908919 -0.000241 0.001618 19.875888 39.690484 1.429248 0.001285 29.713404 19.828793 2.808502 16.989979 0.024466 0.019685 0.609779 0.906555 -165.371571 -3307.789846 -0.000006 0.700117 6_
1.991641 48.620572 48.010599 9.946128 6.242072 6.918818 0.250077 0.253017 0.121817 0.125982 80.248553 9.997550 5.759383 3.519853 3.549125 0.068460 0.000540 0.001036 0.907074 0.904797 -0.007078 0.000687 19.879545 40.043959 1.429713 0.002210 30.026674 20.083368 2.811933 17.242704 0.019709 0.019625 0.609936 0.906580 -178.190079 -3564.161676 0.000006 0.700119 6_
1.998840 48.631405 48.013815 9.961029 6.242940 6.922502 0.249480 0.251932 0.121819 0.126640 79.803689 9.997920 5.735768 3.535938 3.526935 0.069309 0.000880 -0.000151 0.906402 0.910785 -0.001887 -0.001740 20.150594 40.303162 1.430053 0.002152 30.093659 20.115828 2.834704 17.149600 0.026626 0.019738 0.609907 0.906465 -191.008581 -3820.534797 0.000006 0.700125 6_
2.005133 48.607097 47.992493 9.969032 6.254762 6.921694 0.249920 0.249692 0.121814 0.124233 80.177693 9.995465 5.739091 3.534502 3.544436 0.064359 0.001767 0.000947 0.906933 0.907463 -0.004634 -0.001164 20.292749 39.484310 1.428907 0.001762 29.842208 20.005558 2.869369 17.052765 0.012542 0.019789 0.609836 0.906495 -203.827084 -4076.907459 -0.000003 0.700115 6_
2.010651 48.618055 47.999398 9.962004 6.250099 6.921508 0.249962 0.249544 0.121819 0.129257 80.022358 9.981626 5.741938 3.534996 3.510080 0.076974 0.000153 0.000640 0.906153 0.903068 -0.004819 -0.002300 19.974026 40.273696 1.428721 0.001098 30.097671 20.140587 2.830412 16.880620 0.010262 0.019649 0.609930 0.906532 -216.645596 -4333.280009 -0.000004 0.700116 6_
2.004401 48.628566 48.010306 9.963416 6.233693 6.921371 0.249976 0.250774 0.121814 0.129160 80.320387 9.993573 5.755398 3.544075 3.533088 0.068194 -0.000185 -0.000424 0.906413 0.903289 -0.000495 -0.001374 19.821625 40.792661 1.430149 0.001539 29.978177 20.001114 2.819567 17.029030 0.031377 0.019772 0.609831 0.906569 -229.464099 -4589.654094 -0.000000 0.700122 6_
1.995130 48.623223 47.999454 9.948026 6.241897 6.919688 0.249843 0.250614 0.121815 0.128509 80.018672 9.994884 5.734898 3.542560 3.530885 0.063861 -0.000470 -0.000582 0.906581 0.907197 0.001092 -0.004173 19.930421 41.493466 1.430250 0.001972 29.853424 19.870494 2.844654 16.957226 0.022785 0.019753 0.609921 0.906477 -242.282600 -4846.025119 0.000002 0.700134 6_
1.975265 48.625601 47.999369 9.960478 6.241217 6.920390 0.249901 0.250924 0.121815 0.125942 79.942998 9.980957 5.736169 3.517475 3.528826 0.057636 -0.000897 -0.000265 0.906592 0.909537 -0.003435 -0.000413 20.202224 39.830741 1.430725 0.002346 30.083357 20.000914 2.844898 17.265791 0.017934 0.019756 0.609812 0.906533 -255.101108 -5102.399040 0.000001 0.700116 6_
2.000605 48.622869 48.002717 9.955542 6.254681 6.923069 0.249870 0.249700 0.121817 0.124519 80.025924 10.009560 5.736973 3.538117 3.527869 0.067970 0.000598 0.000683 0.906127 0.904488 -0.001765 0.000402 19.991332 40.770993 1.428177 -0.000786 29.946626 20.174272 2.804069 17.161999 0.044832 0.019726 0.609903 0.906488 -267.919611 -5358.772975 0.000003 0.700122 6_
1.998406 48.632173 48.005255 9.961195 6.241393 6.920220 0.250007 0.249295 0.121813 0.129593 80.199679 10.016359 5.751367 3.534919 3.537111 0.061130 0.000193 0.000039 0.906993 0.904093 -0.001766 0.001451 19.847023 41.133111 1.432954 0.002608 29.877525 19.959749 2.822451 17.071164 0.024563 0.019722 0.609971 0.906458 -280.738113 -5615.144680 -0.000007 0.700114 6_
1.998983 48.629743 47.986762 9.952233 6.242457 6.921517 0.250317 0.250053 0.121813 0.128578 79.815877 10.001940 5.747031 3.527791 3.551559 0.060980 0.000974 -0.000847 0.906564 0.904533 -0.001414 0.000060 19.995709 41.056344 1.430287 0.002288 30.022102 19.755230 2.804487 17.252957 0.021179 0.019779 0.609927 0.906589 -293.556622 -5871.518359 -0.000003 0.700111 6_
1.991267 48.629776 48.001804 9.944542 6.245161 6.920730 0.249671 0.249857 0.121815 0.127079 79.897565 10.013349 5.725670 3.529236 3.522551 0.073580 -0.000757 -0.000909 0.906599 0.906827 0.000878 0.003023 20.073872 39.011489 1.428005 0.002647 30.278717 20.206922 2.842673 16.989633 0.022477 0.019815 0.609877 0.906618 -306.375125 -6127.890708 -0.000006 0.700115 6_
1.992033 48.624900 48.004607 9.960148 6.250186 6.921374 0.249783 0.248454 0.121815 0.126451 79.829576 9.992740 5.744885 3.535347 3.533593 0.068674 -0.001700 0.000644 0.906448 0.905497 0.001442 -0.005200 20.174280 39.496361 1.428325 0.004550 30.027023 20.126749 2.834029 17.014179 0.010654 0.019857 0.609867 0.906490 -319.193630 -6384.264380 -0.000003 0.700119 6_
1.997137 48.638284 48.000233 9.967667 6.251012 6.920941 0.250280 0.251070 0.121816 0.128326 79.826606 9.995177 5.742983 3.539725 3.532030 0.049982 0.000492 0.000362 0.906955 0.907696 0.000242 0.001042 19.831885 41.379159 1.427771 0.001103 30.011285 20.057153 2.816545 17.230664 0.031228 0.019779 0.609953 0.906624 -332.012144 -6640.637323 -0.000002 0.700125 6_
2.001050 48.633954 47.982154 9.949308 6.266668 6.921099 0.249795 0.251329 0.121812 0.126883 79.940466 10.002154 5.761654 3.538330 3.543168 0.067934 -0.000788 0.000202 0.906665 0.905437 0.000706 0.001504 20.111267 41.136229 1.430433 0.002004 29.914100 19.851424 2.822587 17.157341 0.037281 0.019757 0.609783 0.906556 -344.830642 -6897.010227 -0.000009 0.700123 6_
1.987249 48.640060 47.992086 9.963607 6.262658 6.922238 0.249819 0.249634 0.121814 0.126054 80.206671 10.003381 5.735738 3.541960 3.533182 0.072240 -0.001809 0.000959 0.906582 0.904111 0.005436 -0.002771 19.941720 40.783125 1.429817 0.004172 30.202589 19.889487 2.803308 16.973649 0.025965 0.019785 0.609908 0.906548 -357.649133 -7153.383060 -0.000006 0.700118 6_
2.013826 48.632498 47.987114 9.969627 6.244522 6.921679 0.250021 0.252083 0.121819 0.130786 79.954206 9.996907 5.750160 3.531401 3.539994 0.074094 0.001018 0.000188 0.906125 0.909699 -0.002806 -0.000223 19.810104 40.819560 1.429037 0.003128 29.760045 20.028846 2.812930 17.161850 0.025337 0.019660 0.609792 0.906505 -370.467645 -7409.755065 0.000007 0.700117 6_
2.007951 48.633837 47.995583 9.970753 6.253862 6.920684 0.250107 0.247780 0.121817 0.128306 79.926504 10.004172 5.737968 3.546050 3.531020 0.055168 -0.000016 0.000527 0.906342 0.906185 0.001256 0.002287 19.982631 41.035041 1.428752 0.003300 30.235049 19.976209 2.867846 17.154998 0.029358 0.019723 0.609825 0.906517 -383.286154 -7666.127739 0.000004 0.700127 6_
2.005097 48.630058 48.001778 9.954523 6.280016 6.922178 0.249952 0.252198 0.121817 0.127029 79.937158 10.004869 5.731129 3.521443 3.531644 0.082074 -0.001829 -0.002021 0.906757 0.905425 -0.002006 0.000684 20.148443 39.782225 1.428278 0.002613 29.953376 19.892307 2.838206 17.199964 0.024338 0.019690 0.609838 0.906526 -396.104660 -7922.501720 -0.000004 0.700126 6_
1.985903 48.637788 48.007521 9.942088 6.242491 6.920893 0.250253 0.250014 0.121815 0.125655 80.255488 10.003652 5.748471 3.535884 3.537812 0.045258 -0.001454 0.000136 0.906489 0.901349 -0.003051 0.000381 19.882537 39.370515 1.428150 0.003875 30.101114 20.045796 2.828277 17.146923 0.026169 0.019655 0.609907 0.906573 -408.923166 -8178.874663 0.000001 0.700121 6_
2.010870 48.611165 47.996434 9.942620 6.253179 6.922577 0.250231 0.248525 0.121816 0.128295 79.899383 10.006348 5.741005 3.526755 3.539479 0.062772 -0.001213 0.000161 0.905878 0.908700 0.000370 0.001324 19.934195 40.575778 1.428245 0.003388 30.033791 19.930404 2.843905 17.072217 0.022950 0.019819 0.609759 0.906500 -421.741668 -8435.248203 0.000001 0.700118 6_
1.994728 48.634357 47.999262 9.976432 6.253045 6.919671 0.250416 0.248169 0.121813 0.130718 80.048624 9.986733 5.751913 3.532675 3.537721 0.065157 -0.000450 0.000065 0.906808 0.903072 0.002559 -0.000962 19.732802 39.121735 1.429568 0.003376 29.999715 19.652122 2.814322 17.201487 0.025274 0.019720 0.609829 0.906496 -434.560170 -8691.620430 -0.000005 0.700122 6_
1.999338 48.617204 47.986855 9.955791 6.244396 6.921871 0.250141 0.254263 0.121813 0.127826 80.037546 10.008752 5.753156 3.549782 3.519056 0.058108 -0.002069 -0.001535 0.906176 0.905961 -0.000042 -0.000465 20.009031 38.434632 1.429298 -0.001289 29.902385 20.106166 2.820032 17.077591 0.015688 0.019768 0.609863 0.906583 -447.378677 -8947.993326 0.000003 0.700126 6_
1.992031 48.622606 47.987091 9.950859 6.254221 6.922857 0.249770 0.249740 0.121813 0.125966 80.047739 10.008936 5.749089 3.528778 3.532757 0.065647 -0.000645 -0.000027 0.906827 0.908593 -0.002091 -0.001486 20.120457 39.834454 1.427100 0.001724 29.811258 19.946982 2.806542 17.171859 0.019237 0.019816 0.609922 0.906549 -460.197181 -9204.365864 0.000003 0.700122 6_
2.011189 48.619100 47.997305 9.971614 6.255806 6.921599 0.249865 0.249214 0.121815 0.128076 79.942592 10.003500 5.731711 3.521726 3.537351 0.067493 0.002277 -0.000863 0.906729 0.908927 0.003940 -0.003507 20.140182 40.418739 1.430178 0.000255 30.060408 19.904222 2.840766 17.370844 0.036021 0.019793 0.609868 0.906478 -473.015687 -9460.737723 -0.000001 0.700117 6_
2.011865 48.611507 47.997598 9.967243 6.259468 6.919260 0.250253 0.250152 0.121816 0.131796 79.913235 10.000126 5.744428 3.547509 3.544215 0.067611 -0.001432 -0.000074 0.906533 0.904480 -0.000582 0.000227 19.816602 38.888804 1.428882 0.002835 30.038385 20.014880 2.805552 16.972028 0.026183 0.019748 0.609864 0.906538 -485.834203 -9717.111480 0.000003 0.700112 6_
1.986776 48.618734 47.989999 9.945455 6.246747 6.920859 0.250324 0.252065 0.121816 0.128835 79.881265 10.005333 5.759204 3.530382 3.544259 0.060020 0.000529 0.000215 0.906486 0.909257 -0.001930 0.001392 19.617237 38.931405 1.428105 0.002239 30.267397 19.879059 2.801653 17.155012 0.032130 0.019783 0.609823 0.906502 -498.652691 -9973.484037 0.000001 0.700125 6_
2.002405 48.626338 47.995746 9.972484 6.258849 6.922113 0.250110 0.248721 0.121809 0.128558 79.879683 10.006383 5.746975 3.542964 3.536748 0.056204 -0.000434 0.000184 0.906138 0.908203 0.001697 0.000701 20.250456 41.219067 1.429471 0.004983 30.241244 19.994588 2.832759 17.248000 0.017233 0.019811 0.609863 0.906481 -511.471200 -10229.857085 0.000004 0.700122 6_
1.986303 48.623761 48.006089 9.942234 6.246946 6.921857 0.249722 0.247893 0.121814 0.131265 80.005214 9.992647 5.729359 3.533094 3.528422 0.066233 0.001443 -0.001314 0.906444 0.905965 -0.001671 0.001570 19.642359 39.832142 1.428198 0.001913 30.111040 19.935085 2.790615 17.384444 0.018749 0.019766 0.609838 0.906519 -524.289696 -10486.229498 0.000000 0.700122 6_
1.990465 48.618417 48.012033 9.973377 6.233986 6.921492 0.250114 0.250762 0.121818 0.128650 79.918340 9.992528 5.751949 3.524300 3.532827 0.054411 -0.001156 -0.001183 0.906375 0.906550 -0.000945 0.001772 19.940074 38.644948 1.428312 0.002545 30.063614 19.856499 2.833288 17.152484 0.019266 0.019724 0.609920 0.906589 -537.108205 -10742.603185 -0.000003 0.700119 6_
2.002837 48.612587 47.991449 9.971720 6.244941 6.919590 0.250002 0.250835 0.121815 0.125936 79.896023 9.990109 5.736732 3.540796 3.544407 0.072989 0.000908 0.001515 0.906664 0.903836 0.001298 0.000474 20.285471 40.015311 1.429016 0.000988 29.974923 19.941774 2.824247 17.139764 0.042777 0.019771 0.609922 0.906495 -549.926712 -10998.975845 -0.000004 0.700124 6_
1.992563 48.614842 48.002455 9.945071 6.261764 6.919635 0.250046 0.249229 0.121813 0.130674 79.913682 10.000039 5.737486 3.534719 3.534781 0.064400 -0.000678 -0.000642 0.906589 0.904255 0.001265 0.002926 19.632556 39.507090 1.428450 0.000870 29.974417 20.220745 2.852221 16.840213 0.016480 0.019744 0.609811 0.906536 -562.745213 -11255.348893 -0.000000 0.700122 6_
1.991369 48.632303 48.002844 9.955119 6.256897 6.920106 0.249921 0.251196 0.121812 0.127940 80.247469 9.999041 5.724556 3.539837 3.522121 0.062309 0.000560 0.001889 0.906131 0.904504 -0.002233 -0.001604 20.032493 40.106868 1.428502 0.002518 30.065427 19.857285 2.848416 17.090135 0.008124 0.019742 0.609871 0.906504 -575.563724 -11511.721718 0.000002 0.700124 6_
2.029217 48.643352 48.002911 9.949769 6.247299 6.920167 0.250184 0.249488 0.121817 0.126283 79.808697 9.994058 5.748224 3.538326 3.532091 0.054512 -0.000404 -0.000002 0.906517 0.906204 -0.001040 -0.000263 20.069738 38.722830 1.429932 0.002505 30.260685 19.892607 2.797640 17.172030 0.004511 0.019691 0.609880 0.906458 -588.382233 -11768.094665 0.000001 0.700118 6_
1.993785 48.640233 48.017563 9.972651 6.266788 6.922017 0.249888 0.250748 0.121818 0.130577 79.848990 9.981921 5.741767 3.549406 3.530295 0.060651 0.000464 -0.001047 0.906992 0.906052 -0.000384 -0.000800 20.031859 41.027049 1.429867 0.002615 30.142521 20.149933 2.838473 17.127608 0.034743 0.019659 0.609892 0.906500 -601.200729 -12024.467880 -0.000010 0.700114 6_
2.003673 48.620192 47.997023 9.959241 6.225762 6.921813 0.249850 0.250342 0.121815 0.132769 80.111202 9.997505 5.733868 3.542897 3.542589 0.051676 -0.000240 0.000978 0.906736 0.904328 -0.003038 0.001087 19.939071 40.125367 1.428174 0.002788 29.913227 20.004719 2.836292 17.109216 -0.004133 0.019696 0.609833 0.906509 -614.019248 -12280.840452 -0.000001 0.700116 6_
1.996851 48.630615 47.996024 9.953479 6.245409 6.921628 0.250182 0.248363 0.121817 0.130298 79.692129 9.988547 5.732966 3.534520 3.531583 0.046172 0.001605 0.001934 0.906612 0.905532 0.000147 0.001604 19.965592 41.261330 1.429428 0.002278 30.237995 20.015294 2.825900 16.894059 -0.007089 0.019705 0.609881 0.906527 -626.837741 -12537.213591 0.000001 0.700122 6_
1.998559 48.614688 47.995259 9.965244 6.250560 6.920430 0.249894 0.250838 0.121816 0.131383 80.152987 10.006359 5.754269 3.514750 3.544192 0.074369 0.001332 0.000610 0.906553 0.907945 -0.000064 -0.000855 19.828414 41.360883 1.429308 0.001606 29.896367 19.983990 2.821662 17.215077 0.042947 0.019653 0.609867 0.906509 -639.656245 -12793.586970 -0.000004 0.700126 6_
2.014560 48.618131 48.024575 9.966598 6.250219 6.920565 0.250117 0.250776 0.121815 0.126650 80.007301 10.010222 5.741396 3.533687 3.539524 0.062476 -0.001684 0.000014 0.906827 0.906796 -0.001205 -0.000224 20.084534 39.376308 1.428470 0.001504 30.027849 20.223773 2.838783 17.094204 0.044143 0.019873 0.609834 0.906609 -652.474744 -13049.959062 0.000002 0.700126 6_
1.997530 48.643586 47.996909 9.948772 6.240022 6.922234 0.250188 0.249893 0.121813 0.128400 80.012786 9.997974 5.749567 3.512348 3.537302 0.059095 -0.000152 0.000149 0.906759 0.904191 0.001436 0.002164 20.268125 40.505507 1.428855 0.002866 29.928594 20.225104 2.806670 17.256116 0.007057 0.019783 0.609798 0.906532 -665.293261 -13306.332112 -0.000007 0.700118 6_
2.018894 48.607492 48.015113 9.946330 6.262382 6.921780 0.249941 0.250305 0.121813 0.124689 79.839997 9.986492 5.769798 3.530937 3.526928 0.060310 0.001194 0.001106 0.906611 0.905176 -0.000443 0.000890 20.251141 40.523594 1.429497 0.002177 29.941328 20.103742 2.838035 17.149042 0.001924 0.019796 0.609849 0.906550 -678.111769 -13562.704725 -0.000005 0.700122 6_
2.007841 48.605297 48.012409 9.945562 6.255398 6.922677 0.250157 0.249544 0.121814 0.129471 80.303903 10.029798 5.724355 3.531138 3.536595 0.069419 0.000268 0.000252 0.906912 0.904458 0.001210 -0.001798 20.078848 40.207689 1.429732 0.001871 29.956282 19.949514 2.835038 17.407163 0.025195 0.019687 0.609880 0.906531 -690.930259 -13819.078645 -0.000001 0.700116 6_
1.990128 48.625745 48.006634 9.967811 6.242929 6.922242 0.250364 0.249872 0.121816 0.126678 79.840861 9.997948 5.743732 3.542183 3.532847 0.058490 0.000200 0.000890 0.906634 0.906667 -0.003468 0.001718 19.886308 40.365000 1.430279 0.002436 30.083824 19.936234 2.864108 17.202074 0.025694 0.019712 0.609881 0.906596 -703.748762 -14075.451037 -0.000002 0.700124 6_
1.997112 48.628576 48.008130 9.952332 6.248675 6.922774 0.250213 0.250556 0.121814 0.126663 80.103312 10.019802 5.735986 3.523957 3.524739 0.068199 -0.001238 0.000082 0.906310 0.908500 0.000680 -0.000253 19.889912 39.528828 1.430158 0.002155 30.206409 19.896022 2.836569 17.194112 0.021570 0.019755 0.609842 0.906571 -716.567281 -14331.823472 0.000001 0.700122 6_
1.991867 48.621168 47.996316 9.974220 6.243747 6.922270 0.250109 0.249953 0.121819 0.127947 79.857460 9.997524 5.734957 3.541291 3.536899 0.063016 0.001406 0.001001 0.906689 0.908545 -0.004447 -0.001388 19.647895 39.516813 1.429148 0.002920 30.172473 19.762524 2.817375 17.239114 0.006219 0.019730 0.609771 0.906479 -729.385781 -14588.196588 -0.000006 0.700114 6_
2.006032 48.633897 47.993828 9.966274 6.256324 6.923759 0.249958 0.254177 0.121815 0.126913 80.040883 9.997386 5.744532 3.528074 3.548073 0.077686 0.000152 0.000434 0.907189 0.905401 -0.000224 0.002363 20.121157 40.146161 1.427614 0.002059 30.078937 19.893876 2.819409 16.969744 0.028975 0.019835 0.609897 0.906540 -742.204285 -14844.570468 -0.000002 0.700118 6_
1.995983 48.639229 48.006627 9.957302 6.273237 6.920235 0.250234 0.251464 0.121814 0.128046 79.775225 10.004472 5.753759 3.523465 3.533551 0.069171 -0.000600 0.001073 0.906593 0.904003 0.002429 0.000604 20.110099 37.826071 1.428414 0.001559 30.111387 20.435357 2.819271 17.150661 0.005557 0.019808 0.609924 0.906540 -755.022783 -15100.942410 -0.000005 0.700118 6_
2.000904 48.641869 47.987270 9.978775 6.262334 6.921799 0.250028 0.252585 0.121816 0.128010 80.000983 10.009431 5.736915 3.542360 3.508128 0.050518 -0.000565 -0.000187 0.906308 0.904068 0.000877 0.000016 19.893305 41.437570 1.430027 0.000569 29.897969 20.125235 2.869320 17.222176 0.063431 0.019833 0.609794 0.906533 -767.841290 -15357.316118 0.000004 0.700125 6_
